1 0.340625 0.653125 0.2546875 0.68828125
1 0.69609375 0.3703125 0.10546875 0.30078125
1 0.48046875 0.27734375 0.075 0.275
1 0.65078125 0.1984375 0.10078125 0.14140625
1 0.13515625 0.1359375 0.05546875 0.271875
1 0.5421875 0.36328125 0.12578125 0.3484375
1 0.12734375 0.303125 0.08671875 0.084375
1 0.83984375 0.34453125 0.078125 0.059375
1 0.4 0.5234375 0.17265625 0.51015625
1 0.796875 0.41796875 0.1640625 0.20859375
1 0.72265625 0.2484375 0.053125 0.05546875
1 0.32421875 0.1796875 0.05546875 0.16796875
1 0.43125 0.20546875 0.05546875 0.15546875
1 0.278125 0.1984375 0.04921875 0.0453125
1 0.39921875 0.3515625 0.1078125 0.2859375
1 0.53359375 0.1421875 0.02421875 0.0640625
1 0.38984375 0.1375 0.03359375 0.11640625