1 0.21875 0.42734375 0.1296875 0.15078125
1 0.434375 0.3671875 0.06171875 0.1125
1 0.13515625 0.3078125 0.075 0.0953125
1 0.81875 0.35546875 0.07734375 0.0703125
1 0.7328125 0.25703125 0.05078125 0.053125
1 0.57890625 0.24375 0.05625 0.0828125
1 0.6796875 0.18515625 0.04921875 0.07109375
1 0.54453125 0.18515625 0.0546875 0.0609375
1 0.590625 0.0765625 0.04296875 0.06484375
1 0.37734375 0.2484375 0.0515625 0.059375
1 0.2625 0.25859375 0.07265625 0.06875
1 0.278125 0.196875 0.05390625 0.06640625
1 0.4734375 0.17265625 0.03828125 0.078125
1 0.41875 0.1578125 0.0328125 0.053125
1 0.35625 0.078125 0.0375 0.0546875
1 0.30859375 0.13828125 0.05234375 0.0734375