1 0.21796875 0.0796875 0.0859375 0.13671875
1 0.1640625 0.22421875 0.09765625 0.2046875
1 0.3703125 0.22265625 0.11796875 0.21328125
1 0.33984375 0.475 0.12890625 0.34140625
1 0.040625 0.39921875 0.0796875 0.32734375
1 0.22265625 0.91640625 0.26015625 0.1671875
1 0.5734375 0.01484375 0.05703125 0.02890625
1 0.60234375 0.1 0.07890625 0.140625
1 0.65234375 0.24140625 0.0828125 0.2140625
1 0.74453125 0.525 0.11640625 0.303125
1 0.8453125 0.2921875 0.0859375 0.18984375
1 0.97421875 0.48515625 0.05078125 0.26328125
1 0.79765625 0.09140625 0.09453125 0.1296875
1 0.7265625 0.053125 0.07578125 0.10625