1 0.38671875 0.2171875 0.04765625 0.08828125
1 0.32734375 0.27734375 0.046875 0.04609375
1 0.31328125 0.32421875 0.05625 0.08671875
1 0.39609375 0.31171875 0.06328125 0.06171875
1 0.38515625 0.36015625 0.0625 0.07578125
1 0.34765625 0.434375 0.08125 0.11328125
1 0.25390625 0.35078125 0.0671875 0.13125
1 0.1375 0.4046875 0.10234375 0.10859375
1 0.203125 0.5546875 0.15234375 0.16953125
1 0.0109375 0.62890625 0.021875 0.2359375
1 0.25625 0.934375 0.16796875 0.13125
1 0.63125 0.29375 0.0453125 0.03515625
1 0.57890625 0.32421875 0.05625 0.05234375
1 0.5484375 0.29453125 0.04609375 0.040625
1 0.5828125 0.38515625 0.0875 0.09296875
1 0.67734375 0.315625 0.06015625 0.090625
1 0.75 0.3984375 0.06796875 0.10390625
1 0.84453125 0.45625 0.0625 0.090625
1 0.9703125 0.57734375 0.05859375 0.2609375
1 0.4515625 0.3703125 0.07734375 0.215625