1 0.29375 0.6625 0.38515625 0.6703125
1 0.85 0.35703125 0.0875 0.08359375
1 0.40078125 0.52421875 0.14140625 0.43828125
1 0.4765625 0.31953125 0.08203125 0.290625
1 0.32734375 0.20234375 0.04453125 0.1703125
1 0.13671875 0.32109375 0.08359375 0.0921875
1 0.4234375 0.23046875 0.065625 0.1515625
1 0.72578125 0.27109375 0.053125 0.05703125
1 0.59296875 0.26171875 0.05390625 0.06640625
1 0.6984375 0.32421875 0.1078125 0.16328125
1 0.6609375 0.20703125 0.046875 0.08671875
1 0.29453125 0.24140625 0.06484375 0.09453125
1 0.28359375 0.21953125 0.04296875 0.0515625
1 0.80625 0.43125 0.17578125 0.23359375
1 0.36953125 0.26171875 0.06171875 0.0640625
1 0.56015625 0.4046875 0.11953125 0.35234375
1 0.39453125 0.38359375 0.11484375 0.31171875
1 0.38359375 0.15234375 0.01796875 0.09375
1 0.52421875 0.32734375 0.08203125 0.284375
1 0.54140625 0.225 0.046875 0.07890625
1 0.24140625 0.2640625 0.0515625 0.03828125
1 0.4375 0.29609375 0.09296875 0.28203125
1 0.659375 0.22890625 0.0734375 0.12890625