1 0.39765625 0.2078125 0.04296875 0.07109375
1 0.40546875 0.34765625 0.03125 0.06015625
1 0.39375 0.378125 0.06640625 0.06328125
1 0.3703125 0.45859375 0.071875 0.1484375
1 0.2734375 0.37890625 0.02578125 0.0515625
1 0.31171875 0.3265625 0.04921875 0.065625
1 0.16015625 0.42109375 0.07265625 0.10078125
1 0.1875 0.4859375 0.10390625 0.11796875
1 0.3359375 0.85 0.29140625 0.3
1 0.56328125 0.31640625 0.0390625 0.034375
1 0.5875 0.39453125 0.0734375 0.1140625
1 0.6796875 0.33515625 0.06015625 0.0828125
1 0.73515625 0.4078125 0.06015625 0.09609375
1 0.784375 0.50859375 0.05546875 0.1140625
1 0.98515625 0.67890625 0.0296875 0.278125
1 0.45859375 0.3796875 0.0484375 0.1296875