1 0.725 0.6890625 0.2484375 0.615625
1 0.3234375 0.65234375 0.2953125 0.68828125
1 0.81171875 0.403125 0.13828125 0.4484375
1 0.2296875 0.171875 0.14296875 0.3125
1 0.1640625 0.39921875 0.19375 0.45703125
1 0.37265625 0.4078125 0.17578125 0.54609375
1 0.91328125 0.675 0.171875 0.646875
1 0.09453125 0.6171875 0.1890625 0.76015625
1 0.753125 0.18515625 0.11015625 0.3390625
1 0.63203125 0.5640625 0.18046875 0.8625
1 0.696875 0.06953125 0.0875 0.1390625
1 0.5578125 0.4171875 0.14296875 0.790625
1 0.57265625 0.2234375 0.11171875 0.4015625
1 0.22421875 0.97109375 0.12578125 0.05390625
1 0.5734375 0.096875 0.09140625 0.19140625
1 0.1203125 0.0875 0.1 0.175
1 0.49921875 0.5 0.9953125 0.99453125