1 0.32109375 0.65859375 0.35625 0.67734375
1 0.33515625 0.18203125 0.06015625 0.16171875
1 0.1484375 0.30390625 0.0828125 0.0875
1 0.68125 0.1859375 0.05234375 0.08359375
1 0.42578125 0.51796875 0.1046875 0.4203125
1 0.48671875 0.228125 0.0640625 0.12890625
1 0.54140625 0.3640625 0.13671875 0.3578125
1 0.72890625 0.25234375 0.053125 0.05078125
1 0.86328125 0.35078125 0.08125 0.06171875
1 0.28828125 0.19609375 0.04296875 0.0515625
1 0.7046875 0.37109375 0.10234375 0.290625
1 0.37265625 0.240625 0.06015625 0.053125
1 0.8109375 0.42265625 0.18828125 0.20625
1 0.55234375 0.196875 0.04140625 0.0671875
1 0.51953125 0.15 0.03125 0.0609375
1 0.4375 0.13046875 0.01796875 0.05