1 0.21875 0.378125 0.10625 0.1859375
1 0.78984375 0.36875 0.08203125 0.05703125
1 0.73515625 0.26484375 0.06875 0.078125
1 0.57734375 0.2484375 0.05078125 0.059375
1 0.66796875 0.17578125 0.04453125 0.0671875
1 0.5390625 0.20546875 0.0375 0.046875
1 0.46875 0.16796875 0.0359375 0.05078125
1 0.4109375 0.15625 0.025 0.0453125
1 0.5734375 0.08046875 0.0375 0.0453125
1 0.375 0.1 0.02421875 0.03359375
1 0.2765625 0.1421875 0.03203125 0.0484375
1 0.13203125 0.31875 0.07109375 0.09453125
1 0.3484375 0.34609375 0.0796875 0.121875
1 0.37421875 0.24921875 0.06796875 0.04296875
1 0.23671875 0.2515625 0.059375 0.02734375
1 0.28203125 0.20390625 0.0703125 0.03671875
1 0.39765625 0.21328125 0.06328125 0.04609375