1 0.44609375 0.0671875 0.0390625 0.0421875
1 0.43515625 0.128125 0.0515625 0.07734375
1 0.3984375 0.178125 0.05234375 0.08515625
1 0.38125 0.26953125 0.05234375 0.1046875
1 0.49140625 0.2109375 0.0625 0.090625
1 0.46484375 0.28671875 0.065625 0.09609375
1 0.24140625 0.48671875 0.07890625 0.11953125
1 0.41875 0.49609375 0.0859375 0.1421875
1 0.3171875 0.8046875 0.19765625 0.25234375
1 0.06640625 0.81328125 0.1328125 0.27421875
1 0.634375 0.25390625 0.13671875 0.21953125
1 0.6515625 0.09296875 0.10546875 0.1546875
1 0.56953125 0.05078125 0.084375 0.10078125
1 0.7796875 0.27734375 0.06484375 0.12578125
1 0.8796875 0.571875 0.240625 0.85546875
1 0.740625 0.1703125 0.03203125 0.04296875
1 0.71796875 0.0890625 0.0375 0.0578125