1 0.7921875 0.3359375 0.284375 0.5984375
1 0.55 0.20625 0.07734375 0.196875
1 0.5171875 0.0921875 0.07265625 0.1328125
1 0.5546875 0.01484375 0.121875 0.0296875
1 0.4171875 0.16953125 0.04375 0.096875
1 0.421875 0.1015625 0.0265625 0.03515625
1 0.4671875 0.225 0.0296875 0.07734375
1 0.47109375 0.15703125 0.03203125 0.06171875
1 0.33828125 0.3125 0.0546875 0.09453125
1 0.20390625 0.53203125 0.08046875 0.12578125
1 0.43515625 0.52578125 0.05859375 0.13515625
1 0.88671875 0.59140625 0.0546875 0.16171875