1 0.3765625 0.14609375 0.0328125 0.05234375
1 0.42109375 0.209375 0.0390625 0.071875
1 0.28828125 0.1875 0.06171875 0.08671875
1 0.4734375 0.24453125 0.05078125 0.07578125
1 0.55 0.2328125 0.040625 0.05390625
1 0.67734375 0.2359375 0.06640625 0.08046875
1 0.58671875 0.29375 0.046875 0.059375
1 0.72734375 0.30234375 0.05546875 0.10078125
1 0.85 0.396875 0.09296875 0.11015625
1 0.384375 0.2421875 0.03828125 0.040625
1 0.38046875 0.2984375 0.0703125 0.075
1 0.2890625 0.23671875 0.0625 0.06953125
1 0.25 0.29375 0.053125 0.065625
1 0.12421875 0.34453125 0.10546875 0.10859375
1 0.278125 0.45390625 0.1015625 0.20625
1 0.33203125 0.371875 0.0765625 0.1171875