1 0.2625 0.48359375 0.103125 0.1484375
1 0.1359375 0.33671875 0.09765625 0.121875
1 0.33203125 0.365625 0.07265625 0.1234375
1 0.85390625 0.35703125 0.06953125 0.0921875
1 0.5953125 0.27109375 0.04453125 0.0625
1 0.72109375 0.278125 0.0515625 0.06328125
1 0.66953125 0.21953125 0.04765625 0.08828125
1 0.56484375 0.2234375 0.059375 0.06484375
1 0.378125 0.27109375 0.071875 0.08125
1 0.28515625 0.23359375 0.04375 0.05703125
1 0.25625 0.27421875 0.06796875 0.0703125
1 0.4703125 0.21171875 0.034375 0.06328125
1 0.43203125 0.1890625 0.02890625 0.0828125
1 0.58359375 0.1046875 0.04453125 0.06640625
1 0.30546875 0.1609375 0.040625 0.07265625
1 0.37421875 0.13984375 0.0484375 0.05859375