1 0.153125 0.21171875 0.07890625 0.16953125
1 0.38515625 0.2453125 0.075 0.1765625
1 0.23515625 0.09765625 0.04609375 0.12109375
1 0.31796875 0.48671875 0.10703125 0.20859375
1 0.06328125 0.4203125 0.1265625 0.3296875
1 0.75 0.54765625 0.09375 0.221875
1 0.853125 0.2859375 0.0765625 0.14296875
1 0.6390625 0.25859375 0.0625 0.15703125
1 0.5875 0.10078125 0.03671875 0.10859375
1 0.778125 0.10703125 0.0828125 0.13984375
1 0.7171875 0.03515625 0.06015625 0.0703125
1 0.603125 0.01875 0.053125 0.0375
1 0.28125 0.01796875 0.05390625 0.03515625