1 0.6484375 0.0734375 0.0390625 0.06328125
1 0.61875 0.10078125 0.03359375 0.09453125
1 0.75546875 0.13828125 0.12109375 0.08046875
1 0.6640625 0.22734375 0.065625 0.12890625
1 0.68984375 0.1234375 0.0359375 0.05546875
1 0.85390625 0.21015625 0.0703125 0.0734375
1 0.7296875 0.35859375 0.1296875 0.1578125
1 0.55390625 0.11171875 0.13203125 0.2234375
1 0.434375 0.38828125 0.29453125 0.77578125
1 0.27734375 0.2046875 0.07578125 0.08671875
1 0.16640625 0.2515625 0.10078125 0.1375
1 0.23984375 0.38203125 0.10859375 0.18671875
1 0.046875 0.4671875 0.09375 0.25625