1 0.70859375 0.6828125 0.24140625 0.62890625
1 0.28203125 0.653125 0.2921875 0.68671875
1 0.13125 0.42578125 0.20546875 0.42890625
1 0.36328125 0.38203125 0.16171875 0.5484375
1 0.2109375 0.1765625 0.11171875 0.303125
1 0.084375 0.63203125 0.16875 0.7296875
1 0.7171875 0.165625 0.09765625 0.33125
1 0.21328125 0.915625 0.25078125 0.165625
1 0.7984375 0.590625 0.40078125 0.528125
1 0.7828125 0.3265625 0.13984375 0.33515625
1 0.5265625 0.4078125 0.1296875 0.80546875
1 0.49921875 0.49921875 0.99453125 0.9953125
1 0.6078125 0.5546875 0.178125 0.87421875
1 0.66171875 0.06328125 0.08046875 0.1265625
1 0.26015625 0.07421875 0.0984375 0.1484375