1 0.31171875 0.07109375 0.075 0.1421875
1 0.42578125 0.19453125 0.096875 0.2078125
1 0.4 0.46640625 0.1265625 0.278125
1 0.71328125 0.253125 0.08515625 0.19609375
1 0.23046875 0.91640625 0.22109375 0.1671875
1 0.07421875 0.36640625 0.1484375 0.3484375
1 0.2234375 0.2140625 0.09921875 0.24453125
1 0.64609375 0.11328125 0.08984375 0.15234375
1 0.86640625 0.12734375 0.08671875 0.16875
1 0.928125 0.3203125 0.08671875 0.184375
1 0.80859375 0.54375 0.11953125 0.27109375
1 0.79375 0.025 0.06875 0.04609375
1 0.67109375 0.009375 0.0546875 0.01875