1 0.19921875 0.08984375 0.08046875 0.1203125
1 0.11796875 0.26640625 0.096875 0.1640625
1 0.34765625 0.23671875 0.09296875 0.1609375
1 0.328125 0.4640625 0.0953125 0.28828125
1 0.03671875 0.3921875 0.0734375 0.296875
1 0.759375 0.490625 0.0921875 0.23046875
1 0.95078125 0.4609375 0.09765625 0.2453125
1 0.8296875 0.24921875 0.0609375 0.1484375
1 0.65078125 0.24140625 0.07734375 0.17734375
1 0.76640625 0.08515625 0.06796875 0.11796875
1 0.5890625 0.1140625 0.06640625 0.12109375
1 0.7125 0.02265625 0.0703125 0.0453125
1 0.590625 0.02109375 0.0640625 0.0421875