1 0.725 0.6875 0.246875 0.61953125
1 0.3265625 0.65546875 0.2984375 0.68359375
1 0.3671875 0.39453125 0.18359375 0.55
1 0.91328125 0.66484375 0.171875 0.66484375
1 0.23828125 0.1609375 0.140625 0.31953125
1 0.16171875 0.403125 0.19453125 0.45859375
1 0.8203125 0.415625 0.1484375 0.4328125
1 0.75 0.18046875 0.10625 0.3390625
1 0.63359375 0.56328125 0.18359375 0.8640625
1 0.09453125 0.61953125 0.1890625 0.75546875
1 0.69765625 0.06796875 0.08828125 0.1359375
1 0.56953125 0.41640625 0.17109375 0.78515625
1 0.58515625 0.22421875 0.13359375 0.39921875
1 0.5828125 0.096875 0.11328125 0.19375
1 0.0984375 0.10546875 0.14765625 0.21015625
1 0.49921875 0.49921875 0.99453125 0.9953125