1 0.6078125 0.05234375 0.10546875 0.096875
1 0.784375 0.16953125 0.0890625 0.065625
1 0.8046875 0.3609375 0.13203125 0.2234375
1 0.87421875 0.23046875 0.06796875 0.10078125
1 0.96796875 0.375 0.0640625 0.20390625
1 0.6796875 0.1703125 0.04921875 0.03828125
1 0.44765625 0.15234375 0.18671875 0.30390625
1 0.61875 0.91484375 0.3015625 0.1703125
1 0.246875 0.43828125 0.1234375 0.19140625
1 0.1828125 0.3078125 0.13828125 0.15859375
1 0.04375 0.51953125 0.0875 0.19453125
1 0.278125 0.21875 0.0703125 0.06796875