1 0.3109375 0.6578125 0.31484375 0.67890625
1 0.39453125 0.52265625 0.18203125 0.48828125
1 0.1328125 0.3046875 0.0859375 0.0875
1 0.4828125 0.27109375 0.0671875 0.22578125
1 0.64921875 0.2015625 0.09765625 0.13984375
1 0.328125 0.18125 0.05234375 0.17109375
1 0.5390625 0.36640625 0.13671875 0.34765625
1 0.7734375 0.4203125 0.1171875 0.209375
1 0.721875 0.25078125 0.053125 0.05390625
1 0.3890625 0.1390625 0.03203125 0.115625
1 0.27578125 0.2 0.04609375 0.040625
1 0.78359375 0.27265625 0.03828125 0.0625
1 0.790625 0.36015625 0.08203125 0.0875
1 0.69609375 0.30390625 0.10390625 0.1609375
1 0.4 0.35234375 0.11015625 0.28203125