1 0.44609375 0.103125 0.134375 0.20625
1 0.5640625 0.06875 0.1015625 0.1375
1 0.640625 0.32890625 0.05859375 0.06171875
1 0.6875 0.28046875 0.05546875 0.0515625
1 0.7859375 0.346875 0.084375 0.0890625
1 0.68203125 0.43515625 0.07109375 0.09296875
1 0.83046875 0.5203125 0.12578125 0.25859375
1 0.86796875 0.40546875 0.0546875 0.1
1 0.9734375 0.55390625 0.053125 0.2234375
1 0.2578125 0.37890625 0.04609375 0.0828125
1 0.190625 0.45234375 0.078125 0.1640625
1 0.26171875 0.58515625 0.121875 0.18515625
1 0.03671875 0.67109375 0.07265625 0.196875