1 0.36171875 0.23828125 0.08359375 0.23125
1 0.78828125 0.51875 0.10859375 0.2296875
1 0.1609375 0.37890625 0.08046875 0.10078125
1 0.40625 0.58671875 0.15703125 0.48125
1 0.6828125 0.284375 0.0546875 0.09296875
1 0.953125 0.77421875 0.09296875 0.446875
1 0.16953125 0.6828125 0.3078125 0.62578125
1 0.71484375 0.3984375 0.10390625 0.17578125
1 0.73828125 0.346875 0.05703125 0.071875
1 0.5609375 0.47578125 0.08671875 0.35390625
1 0.3171875 0.84921875 0.32890625 0.29765625
1 0.51171875 0.33828125 0.05859375 0.16875
1 0.29375 0.28828125 0.0453125 0.0453125
1 0.4078125 0.209375 0.02578125 0.0734375
1 0.23203125 0.55546875 0.18203125 0.36953125
1 0.41015625 0.24609375 0.03828125 0.14453125
1 0.68046875 0.3359375 0.07421875 0.19609375
1 0.453125 0.31953125 0.06640625 0.18671875