1 0.29765625 0.14609375 0.0546875 0.071875
1 0.2796875 0.21640625 0.05546875 0.0421875
1 0.24453125 0.259375 0.0390625 0.040625
1 0.14609375 0.309375 0.0921875 0.09609375
1 0.2625 0.44609375 0.13828125 0.22734375
1 0.33671875 0.34765625 0.0921875 0.0984375
1 0.3640625 0.25234375 0.0546875 0.065625
1 0.38671875 0.22578125 0.04921875 0.0578125
1 0.4359375 0.16796875 0.04375 0.08671875
1 0.48125 0.2046875 0.0515625 0.08125
1 0.55546875 0.20703125 0.0578125 0.0640625
1 0.65234375 0.19296875 0.03515625 0.04453125
1 0.67265625 0.196875 0.05078125 0.0890625
1 0.5921875 0.25625 0.0625 0.084375
1 0.690625 0.3265625 0.0859375 0.09609375
1 0.7375 0.2609375 0.0640625 0.075