1 0.2921875 0.66796875 0.3859375 0.6578125
1 0.84921875 0.365625 0.0875 0.0828125
1 0.39375 0.5296875 0.15546875 0.43671875
1 0.47578125 0.33125 0.084375 0.28984375
1 0.32734375 0.2125 0.04453125 0.16875
1 0.13125 0.32890625 0.0828125 0.09375
1 0.42265625 0.23203125 0.06484375 0.128125
1 0.6640625 0.2140625 0.05234375 0.08828125
1 0.72578125 0.28046875 0.05234375 0.05625
1 0.80546875 0.4390625 0.17578125 0.23125
1 0.5921875 0.26953125 0.0546875 0.0671875
1 0.29921875 0.24921875 0.059375 0.0984375
1 0.6984375 0.33359375 0.1078125 0.16171875
1 0.5453125 0.23125 0.0484375 0.07421875
1 0.5265625 0.3359375 0.0875 0.284375
1 0.36875 0.2703125 0.059375 0.06640625
1 0.5734375 0.4109375 0.14609375 0.35
1 0.38203125 0.16015625 0.015625 0.09453125
1 0.4375 0.30859375 0.09453125 0.28125
1 0.659375 0.2359375 0.07421875 0.13125