1 0.71796875 0.68671875 0.24140625 0.62109375
1 0.32421875 0.6546875 0.3046875 0.6859375
1 0.37109375 0.37890625 0.17265625 0.53671875
1 0.81484375 0.3953125 0.153125 0.41875
1 0.1609375 0.4 0.19765625 0.478125
1 0.909375 0.62734375 0.17890625 0.5875
1 0.7421875 0.18046875 0.10078125 0.3234375
1 0.24296875 0.171875 0.09453125 0.3
1 0.096875 0.665625 0.19375 0.66015625
1 0.54609375 0.2859375 0.16015625 0.54140625
1 0.6828125 0.07578125 0.0859375 0.1515625
1 0.62578125 0.459375 0.18671875 0.65078125
1 0.2140625 0.91171875 0.203125 0.17265625
1 0.490625 0.20234375 0.08984375 0.4046875
1 0.2859375 0.0609375 0.09921875 0.12109375
1 0.59140625 0.01953125 0.0796875 0.0390625
1 0.49921875 0.49921875 0.99453125 0.9953125