1 0.125 0.3078125 0.07734375 0.08125
1 0.83125 0.353125 0.09375 0.08125
1 0.725 0.2625 0.05703125 0.06484375
1 0.6859375 0.18671875 0.03828125 0.0734375
1 0.5828125 0.2359375 0.05078125 0.0703125
1 0.4125 0.35703125 0.05390625 0.11484375
1 0.20859375 0.4171875 0.10234375 0.153125
1 0.24375 0.25078125 0.05 0.0546875
1 0.375 0.2515625 0.0625 0.06484375
1 0.2703125 0.19921875 0.04296875 0.05234375
1 0.3265625 0.1375 0.05078125 0.1015625
1 0.38203125 0.2046875 0.03515625 0.03671875
1 0.5921875 0.0765625 0.04609375 0.065625
1 0.47578125 0.1875 0.02734375 0.0609375
1 0.41796875 0.16015625 0.03046875 0.05703125
1 0.3734375 0.09140625 0.0390625 0.06640625
1 0.559375 0.19921875 0.04921875 0.0625