1 0.4296875 0.15546875 0.034375 0.0671875
1 0.48828125 0.17890625 0.03359375 0.0671875
1 0.3265625 0.17734375 0.03125 0.0734375
1 0.27265625 0.21015625 0.05703125 0.0421875
1 0.378125 0.21875 0.04375 0.0328125
1 0.375 0.26953125 0.071875 0.0734375
1 0.35390625 0.3625 0.08359375 0.0921875
1 0.2453125 0.27734375 0.06015625 0.04765625
1 0.16875 0.309375 0.071875 0.10859375
1 0.24296875 0.4625 0.1359375 0.20078125
1 0.56171875 0.19609375 0.04453125 0.0515625
1 0.6484375 0.19375 0.025 0.03828125
1 0.575 0.26328125 0.08359375 0.0984375
1 0.6765625 0.20625 0.0390625 0.1
1 0.73203125 0.27109375 0.05625 0.07734375
1 0.84609375 0.36640625 0.09765625 0.13359375