1 0.37734375 0.2921875 0.09921875 0.19453125
1 0.175 0.44140625 0.08046875 0.11015625
1 0.3578125 0.86484375 0.24296875 0.26640625
1 0.45546875 0.37578125 0.06953125 0.1890625
1 0.2734375 0.56875 0.14921875 0.24140625
1 0.56015625 0.53203125 0.1125 0.35546875
1 0.7921875 0.57265625 0.11328125 0.228125
1 0.73671875 0.403125 0.05546875 0.07421875
1 0.79921875 0.51640625 0.0984375 0.11484375
1 0.715625 0.45390625 0.0984375 0.17578125
1 0.18046875 0.721875 0.33359375 0.5515625
1 0.3046875 0.3453125 0.0453125 0.04609375
1 0.51484375 0.4328125 0.05859375 0.2234375
1 0.0234375 0.74921875 0.046875 0.4953125
1 0.690625 0.34609375 0.04921875 0.08515625
1 0.6796875 0.36640625 0.07109375 0.1265625
1 0.39765625 0.58828125 0.15078125 0.3765625