1 0.3265625 0.671875 0.31015625 0.65078125
1 0.4796875 0.32421875 0.07890625 0.26171875
1 0.1265625 0.34296875 0.0921875 0.0984375
1 0.8640625 0.3875 0.0859375 0.07421875
1 0.59296875 0.28046875 0.05390625 0.0671875
1 0.71953125 0.28984375 0.05234375 0.0578125
1 0.37421875 0.54453125 0.19296875 0.43125
1 0.4328125 0.24140625 0.06484375 0.15234375
1 0.31484375 0.3734375 0.07265625 0.08828125
1 0.6703125 0.23046875 0.06328125 0.090625
1 0.29921875 0.23984375 0.04296875 0.0609375
1 0.36796875 0.28203125 0.05703125 0.06328125
1 0.02109375 0.50859375 0.0421875 0.1765625
1 0.6953125 0.34375 0.10234375 0.165625
1 0.5453125 0.42265625 0.1515625 0.35078125
1 0.309375 0.25859375 0.06484375 0.0984375
1 0.809375 0.4265625 0.19609375 0.153125
1 0.39453125 0.403125 0.11171875 0.309375