1 0.37109375 0.1171875 0.084375 0.0578125
1 0.4328125 0.2078125 0.04453125 0.06328125
1 0.2953125 0.2390625 0.06328125 0.084375
1 0.40703125 0.2984375 0.09765625 0.11015625
1 0.3859375 0.36171875 0.09453125 0.1296875
1 0.134375 0.3390625 0.06015625 0.0890625
1 0.2484375 0.31015625 0.1 0.06015625
1 0.21796875 0.4546875 0.1171875 0.16640625
1 0.33515625 0.8171875 0.19375 0.3140625
1 0.5625 0.24765625 0.05234375 0.06171875
1 0.58359375 0.31796875 0.06640625 0.12109375
1 0.66015625 0.2375 0.03203125 0.0578125
1 0.6890625 0.25703125 0.04609375 0.1171875
1 0.74375 0.30703125 0.0484375 0.0921875
1 0.8625 0.4015625 0.09453125 0.12109375
1 0.9734375 0.52890625 0.053125 0.2578125