1 0.16328125 0.33203125 0.0890625 0.1078125
1 0.29765625 0.4625 0.1125 0.1734375
1 0.36640625 0.37421875 0.07109375 0.146875
1 0.2625 0.27890625 0.06484375 0.059375
1 0.37109375 0.26953125 0.0546875 0.06796875
1 0.29375 0.21953125 0.04765625 0.07109375
1 0.32734375 0.15625 0.03203125 0.08125
1 0.4125 0.23046875 0.0265625 0.03515625
1 0.5953125 0.26484375 0.05859375 0.0671875
1 0.55859375 0.21640625 0.05390625 0.06796875
1 0.640625 0.18203125 0.0265625 0.05390625
1 0.66953125 0.2015625 0.0421875 0.08828125
1 0.72890625 0.275 0.05078125 0.06953125
1 0.86640625 0.36796875 0.071875 0.09453125
1 0.42265625 0.16953125 0.03203125 0.04453125
1 0.390625 0.1171875 0.0203125 0.05546875
1 0.47734375 0.2 0.03359375 0.059375