1 0.71171875 0.7 0.24765625 0.59453125
1 0.31015625 0.65546875 0.31953125 0.68359375
1 0.38359375 0.41484375 0.16953125 0.59375
1 0.8078125 0.42109375 0.14453125 0.44140625
1 0.1671875 0.38359375 0.1953125 0.46796875
1 0.9125 0.66953125 0.1734375 0.60234375
1 0.2421875 0.17578125 0.11328125 0.30703125
1 0.74453125 0.20390625 0.09765625 0.33203125
1 0.0953125 0.653125 0.190625 0.68671875
1 0.215625 0.9078125 0.20390625 0.18046875
1 0.6234375 0.57421875 0.18515625 0.84296875
1 0.5625 0.421875 0.14765625 0.8015625
1 0.29609375 0.07421875 0.09453125 0.14765625
1 0.57265625 0.2171875 0.12578125 0.38984375
1 0.70078125 0.0828125 0.0984375 0.165625
1 0.5859375 0.07109375 0.10703125 0.1421875
1 0.49921875 0.5 0.99453125 0.99453125
1 0.5 0.17265625 0.08671875 0.34453125