1 0.696875 0.6703125 0.24296875 0.65234375
1 0.26875 0.6359375 0.2953125 0.721875
1 0.11484375 0.378125 0.20234375 0.4625
1 0.190625 0.1421875 0.125 0.284375
1 0.70234375 0.14609375 0.08671875 0.2921875
1 0.35390625 0.34921875 0.15859375 0.54609375
1 0.2046875 0.903125 0.2578125 0.190625
1 0.80078125 0.63984375 0.39609375 0.71484375
1 0.7703125 0.29609375 0.14140625 0.3421875
1 0.5359375 0.38984375 0.15234375 0.77734375
1 0.59765625 0.5453125 0.18046875 0.8796875
1 0.07734375 0.6296875 0.1546875 0.734375
1 0.45546875 0.0859375 0.07890625 0.171875
1 0.9046875 0.63984375 0.18828125 0.71484375
1 0.49921875 0.4984375 0.99453125 0.9953125