1 0.7140625 0.703125 0.24453125 0.58828125
1 0.30859375 0.64765625 0.29140625 0.696875
1 0.3453125 0.38671875 0.1859375 0.50859375
1 0.1421875 0.41875 0.20078125 0.48984375
1 0.79375 0.32109375 0.1375 0.29375
1 0.73359375 0.1734375 0.11171875 0.3125
1 0.08984375 0.60390625 0.1796875 0.5140625
1 0.2125 0.17265625 0.11875 0.33671875
1 0.15703125 0.91796875 0.215625 0.16015625
1 0.5609375 0.40546875 0.1296875 0.7859375
1 0.62421875 0.56328125 0.17734375 0.8640625
1 0.67578125 0.06953125 0.08984375 0.1390625
1 0.82890625 0.6625 0.340625 0.67109375
1 0.5640625 0.209375 0.1234375 0.39140625
1 0.5 0.49921875 0.99453125 0.9953125
1 0.55859375 0.1140625 0.11328125 0.228125
1 0.9234375 0.66328125 0.15234375 0.6703125