1 0.3734375 0.10546875 0.05859375 0.0984375
1 0.4265625 0.19609375 0.04140625 0.0484375
1 0.33515625 0.1890625 0.075 0.0921875
1 0.29765625 0.24140625 0.0546875 0.1046875
1 0.40078125 0.24765625 0.04453125 0.08515625
1 0.4125 0.30703125 0.1125 0.12578125
1 0.41953125 0.36796875 0.08515625 0.11953125
1 0.2265625 0.2796875 0.09296875 0.0921875
1 0.1609375 0.32421875 0.0671875 0.12578125
1 0.24140625 0.42578125 0.1359375 0.19140625
1 0.3328125 0.86484375 0.24375 0.2703125
1 0.5921875 0.28515625 0.07109375 0.121875
1 0.565625 0.23046875 0.065625 0.075
1 0.675 0.21953125 0.096875 0.11953125
1 0.65390625 0.19765625 0.0390625 0.071875
1 0.74609375 0.28515625 0.06796875 0.11171875
1 0.8484375 0.371875 0.078125 0.1484375
1 0.96171875 0.50703125 0.07578125 0.371875