1 0.31796875 0.6578125 0.36328125 0.67890625
1 0.5390625 0.365625 0.13984375 0.35625
1 0.33125 0.19296875 0.05234375 0.13984375
1 0.68046875 0.1859375 0.05234375 0.08515625
1 0.1453125 0.3015625 0.08359375 0.0890625
1 0.42578125 0.5171875 0.1046875 0.4203125
1 0.478125 0.2859375 0.08203125 0.2640625
1 0.70625 0.375 0.09921875 0.28828125
1 0.2765625 0.19765625 0.04609375 0.05
1 0.72890625 0.2546875 0.053125 0.0484375
1 0.52265625 0.15234375 0.03359375 0.0609375
1 0.42734375 0.2203125 0.05859375 0.16171875
1 0.859375 0.34921875 0.0828125 0.0625
1 0.57578125 0.23203125 0.0625 0.0890625
1 0.809375 0.42265625 0.18515625 0.20859375
1 0.44921875 0.13515625 0.034375 0.04609375
1 0.73203125 0.18359375 0.03671875 0.10078125
1 0.371875 0.24140625 0.0609375 0.05390625
1 0.871875 0.38203125 0.1078125 0.128125