1 0.1703125 0.215625 0.10546875 0.22421875
1 0.24296875 0.09140625 0.08984375 0.15546875
1 0.39921875 0.20625 0.1015625 0.2203125
1 0.34296875 0.45859375 0.134375 0.32109375
1 0.03984375 0.39765625 0.075 0.34921875
1 0.225 0.91015625 0.27109375 0.1796875
1 0.7421875 0.50546875 0.13203125 0.27421875
1 0.65390625 0.23359375 0.08671875 0.19765625
1 0.59609375 0.11015625 0.07578125 0.17890625
1 0.7921875 0.10390625 0.0921875 0.1703125
1 0.86171875 0.2875 0.09609375 0.24296875
1 0.97890625 0.46796875 0.04140625 0.2515625
1 0.60859375 0.0328125 0.06640625 0.065625
1 0.73671875 0.0453125 0.07578125 0.08984375