1 0.2265625 0.56015625 0.15 0.2234375
1 0.41171875 0.6421875 0.1390625 0.46796875
1 0.32890625 0.87109375 0.30390625 0.25390625
1 0.53671875 0.5359375 0.14296875 0.346875
1 0.67265625 0.35 0.046875 0.0796875
1 0.371875 0.30859375 0.1296875 0.21015625
1 0.72890625 0.41015625 0.05234375 0.0453125
1 0.85390625 0.4953125 0.08359375 0.06796875
1 0.46015625 0.3953125 0.05078125 0.1828125
1 0.1328125 0.44921875 0.08359375 0.08515625
1 0.953125 0.74140625 0.09140625 0.5109375
1 0.5796875 0.3984375 0.05390625 0.06875
1 0.809375 0.56796875 0.17265625 0.21328125
1 0.9796875 0.590625 0.03828125 0.20859375