1 0.3984375 0.1453125 0.05546875 0.09609375
1 0.33125 0.23203125 0.03671875 0.04765625
1 0.30546875 0.28984375 0.06953125 0.07734375
1 0.39140625 0.30234375 0.05546875 0.0640625
1 0.38203125 0.396875 0.0734375 0.11015625
1 0.259375 0.325 0.05078125 0.0484375
1 0.171875 0.37421875 0.08984375 0.1046875
1 0.2515625 0.49921875 0.2 0.21015625
1 0.38203125 0.834375 0.27265625 0.33125
1 0.56015625 0.2578125 0.0546875 0.08046875
1 0.5859375 0.3078125 0.059375 0.10390625
1 0.6609375 0.2671875 0.04609375 0.03828125
1 0.696875 0.29296875 0.08515625 0.14453125
1 0.74609375 0.2984375 0.075 0.07734375
1 0.8 0.43515625 0.10078125 0.08828125
1 0.0234375 0.52421875 0.04609375 0.22421875
1 0.44609375 0.3390625 0.0640625 0.15625