1 0.20390625 0.090625 0.0953125 0.1296875
1 0.1265625 0.25703125 0.1015625 0.16484375
1 0.03203125 0.39765625 0.0640625 0.28046875
1 0.33046875 0.48359375 0.1265625 0.2828125
1 0.35703125 0.24765625 0.09453125 0.2078125
1 0.7609375 0.5203125 0.084375 0.215625
1 0.9625 0.4890625 0.075 0.234375
1 0.85078125 0.29765625 0.0734375 0.14609375
1 0.65078125 0.24296875 0.0484375 0.14296875
1 0.76171875 0.096875 0.05234375 0.10078125
1 0.60703125 0.121875 0.053125 0.103125
1 0.58984375 0.01875 0.0515625 0.0375
1 0.73671875 0.03125 0.0765625 0.0625