1 0.165625 0.7078125 0.3078125 0.57890625
1 0.45390625 0.36953125 0.06875 0.1859375
1 0.40703125 0.5796875 0.12265625 0.3609375
1 0.37109375 0.853125 0.23125 0.290625
1 0.3796875 0.30546875 0.1046875 0.196875
1 0.16328125 0.434375 0.078125 0.09296875
1 0.79140625 0.56796875 0.11484375 0.23359375
1 0.5 0.4203125 0.075 0.290625
1 0.79921875 0.509375 0.09921875 0.11640625
1 0.68984375 0.34296875 0.06953125 0.1
1 0.74609375 0.4046875 0.05859375 0.0640625
1 0.30390625 0.340625 0.040625 0.05078125
1 0.028125 0.7375 0.05625 0.51875
1 0.26640625 0.3875 0.0546875 0.03125
1 0.71953125 0.45546875 0.11171875 0.16640625
1 0.2234375 0.5359375 0.15703125 0.23359375
1 0.684375 0.38984375 0.08359375 0.19296875
1 0.5609375 0.52734375 0.10859375 0.35078125
1 0.38984375 0.38515625 0.05859375 0.0640625