1 0.71796875 0.71796875 0.24765625 0.5578125
1 0.16640625 0.41796875 0.19609375 0.4484375
1 0.3125 0.66015625 0.31796875 0.675
1 0.62734375 0.50390625 0.18671875 0.64375
1 0.2453125 0.1859375 0.1234375 0.29140625
1 0.75234375 0.2328125 0.09609375 0.33203125
1 0.09609375 0.6296875 0.1921875 0.734375
1 0.40078125 0.4125 0.14609375 0.52578125
1 0.81640625 0.40234375 0.14765625 0.33359375
1 0.8171875 0.7015625 0.36328125 0.5796875
1 0.30390625 0.08984375 0.09765625 0.17890625
1 0.23203125 0.92578125 0.21015625 0.1453125
1 0.71171875 0.09921875 0.1 0.1984375
1 0.5078125 0.19375 0.08984375 0.38671875
1 0.57890625 0.32890625 0.16640625 0.5453125
1 0.9453125 0.94296875 0.10703125 0.11015625
1 0.49921875 0.49921875 0.99609375 0.99609375
1 0.58984375 0.1140625 0.11015625 0.228125
1 0.65234375 0.0453125 0.028125 0.090625