1 0.746875 0.69765625 0.25703125 0.59921875
1 0.2140625 0.34609375 0.18828125 0.4515625
1 0.353125 0.63515625 0.325 0.72265625
1 0.11640625 0.58671875 0.23203125 0.81328125
1 0.79609375 0.1890625 0.0953125 0.3390625
1 0.43046875 0.4734375 0.16171875 0.77109375
1 0.25546875 0.88671875 0.19609375 0.22265625
1 0.6140625 0.2828125 0.17890625 0.56171875
1 0.28515625 0.13984375 0.11953125 0.2796875
1 0.884375 0.3703125 0.20859375 0.3640625
1 0.66328125 0.56484375 0.18984375 0.8609375
1 0.5484375 0.18125 0.096875 0.3625
1 0.49921875 0.5 0.99453125 0.99609375
1 0.8375 0.54609375 0.3171875 0.71796875
1 0.93671875 0.93125 0.12421875 0.13359375