1 0.39296875 0.29921875 0.29609375 0.5984375
1 0.79140625 0.32265625 0.13359375 0.1875
1 0.87421875 0.16328125 0.06953125 0.08515625
1 0.75859375 0.096875 0.05078125 0.0640625
1 0.696875 0.075 0.03984375 0.05546875
1 0.6796875 0.03984375 0.0296875 0.03515625
1 0.64453125 0.05859375 0.03984375 0.05390625
1 0.653125 0.10625 0.10546875 0.2125
1 0.578125 0.125 0.05625 0.24921875
1 0.48671875 0.165625 0.13203125 0.33125
1 0.253125 0.16953125 0.0515625 0.04765625
1 0.1578125 0.23203125 0.084375 0.1296875
1 0.2359375 0.38671875 0.12734375 0.23203125
1 0.0328125 0.47265625 0.065625 0.0921875
1 0.64453125 0.9046875 0.29609375 0.18984375
1 0.0546875 0.91796875 0.109375 0.1609375