1 0.146875 0.2640625 0.11875 0.1859375
1 0.39140625 0.2015625 0.08515625 0.175
1 0.240625 0.08359375 0.0734375 0.14765625
1 0.34609375 0.51484375 0.08671875 0.334375
1 0.04296875 0.4203125 0.0859375 0.31796875
1 0.26796875 0.90625 0.26328125 0.1875
1 0.7796875 0.553125 0.10078125 0.24921875
1 0.87265625 0.30390625 0.07734375 0.14453125
1 0.675 0.27109375 0.0578125 0.14140625
1 0.63203125 0.1390625 0.05859375 0.096875
1 0.803125 0.11484375 0.05859375 0.13359375
1 0.74296875 0.02890625 0.059375 0.0578125
1 0.6046875 0.01796875 0.0421875 0.0359375