1 0.334375 0.68984375 0.3171875 0.61484375
1 0.39609375 0.59296875 0.17578125 0.44765625
1 0.6609375 0.26484375 0.05390625 0.0875
1 0.12421875 0.3859375 0.08671875 0.08671875
1 0.33125 0.2640625 0.05234375 0.165625
1 0.83515625 0.425 0.08203125 0.0625
1 0.7109375 0.32421875 0.053125 0.06875
1 0.3921875 0.2328125 0.03515625 0.13671875
1 0.8046875 0.2921875 0.04765625 0.0984375
1 0.690625 0.37578125 0.09375 0.175
1 0.86328125 0.4703125 0.13828125 0.15625
1 0.7828125 0.34453125 0.04296875 0.0890625
1 0.2828125 0.28125 0.0421875 0.04609375
1 0.38515625 0.3125 0.05703125 0.07890625
1 0.43359375 0.275 0.05390625 0.14921875
1 0.4859375 0.32578125 0.06796875 0.18125
1 0.5359375 0.47578125 0.1046875 0.4015625