1 0.66015625 0.69375 0.2375 0.60625
1 0.25859375 0.66328125 0.340625 0.6671875
1 0.09453125 0.4421875 0.18828125 0.425
1 0.321875 0.3890625 0.15390625 0.51015625
1 0.671875 0.19140625 0.08203125 0.3375
1 0.740625 0.346875 0.140625 0.33515625
1 0.18046875 0.19921875 0.10546875 0.2703125
1 0.559375 0.49296875 0.17734375 0.69296875
1 0.5234375 0.209375 0.134375 0.3734375
1 0.79296875 0.65546875 0.41171875 0.66640625
1 0.21796875 0.090625 0.10390625 0.18125
1 0.42734375 0.184375 0.08515625 0.36640625
1 0.49609375 0.08125 0.08125 0.16171875
1 0.18984375 0.9328125 0.21484375 0.13046875
1 0.5 0.49921875 0.99453125 0.99375
1 0.6265625 0.08203125 0.0875 0.1640625