1 0.3171875 0.453125 0.10078125 0.21640625
1 0.11171875 0.2859375 0.1296875 0.15703125
1 0.3296875 0.2484375 0.08828125 0.146875
1 0.209375 0.08359375 0.07734375 0.125
1 0.028125 0.35546875 0.05625 0.26875
1 0.1984375 0.903125 0.20234375 0.19296875
1 0.73984375 0.5796875 0.09453125 0.2390625
1 0.965625 0.58515625 0.06875 0.3828125
1 0.834375 0.30859375 0.06796875 0.16640625
1 0.6171875 0.2765625 0.09140625 0.1390625
1 0.75625 0.13671875 0.090625 0.1578125
1 0.57578125 0.11796875 0.0625 0.125
1 0.72421875 0.04140625 0.078125 0.0828125
1 0.584375 0.02109375 0.046875 0.0421875