1 0.57265625 0.29296875 0.265625 0.53828125
1 0.39296875 0.2671875 0.0390625 0.1140625
1 0.40859375 0.159375 0.0296875 0.05625
1 0.31953125 0.15546875 0.034375 0.08828125
1 0.35078125 0.10625 0.0546875 0.04765625
1 0.375 0.04140625 0.02265625 0.0484375
1 0.28984375 0.2703125 0.0828125 0.1234375
1 0.1578125 0.45 0.0953125 0.20859375
1 0.03984375 0.753125 0.0796875 0.271875
1 0.2578125 0.71015625 0.0671875 0.1421875
1 0.7390625 0.29765625 0.05703125 0.140625
1 0.83984375 0.5359375 0.0859375 0.1703125
1 0.9296875 0.82734375 0.140625 0.34453125