1 0.39140625 0.24453125 0.0765625 0.328125
1 0.403125 0.30078125 0.05078125 0.084375
1 0.390625 0.35546875 0.05859375 0.0734375
1 0.38359375 0.43984375 0.08046875 0.13359375
1 0.1703125 0.39765625 0.08046875 0.1078125
1 0.271875 0.3609375 0.06171875 0.0578125
1 0.3015625 0.3046875 0.03984375 0.0734375
1 0.328125 0.27109375 0.046875 0.05625
1 0.23515625 0.5203125 0.1109375 0.19921875
1 0.42265625 0.88046875 0.33984375 0.2390625
1 0.603125 0.3578125 0.07109375 0.0921875
1 0.584375 0.309375 0.0671875 0.07578125
1 0.65078125 0.28828125 0.03125 0.04453125
1 0.678125 0.2859375 0.046875 0.1
1 0.73984375 0.37109375 0.05078125 0.08671875
1 0.8703125 0.48203125 0.12734375 0.14609375
1 0.9609375 0.58359375 0.07734375 0.25234375