1 0.23671875 0.09375 0.0546875 0.11796875
1 0.11875 0.2671875 0.1171875 0.1515625
1 0.36796875 0.23125 0.06953125 0.20390625
1 0.29609375 0.4890625 0.15234375 0.23671875
1 0.2578125 0.9078125 0.27578125 0.18359375
1 0.034375 0.4921875 0.06875 0.290625
1 0.69765625 0.52265625 0.1453125 0.22109375
1 0.9546875 0.5078125 0.08984375 0.2515625
1 0.82109375 0.278125 0.071875 0.1328125
1 0.6328125 0.2625 0.078125 0.15234375
1 0.74765625 0.10234375 0.06015625 0.13515625
1 0.5625 0.11328125 0.04453125 0.09765625
1 0.70078125 0.03828125 0.06015625 0.07578125