1 0.38671875 0.11875 0.028125 0.03515625
1 0.3484375 0.09453125 0.05 0.0890625
1 0.29765625 0.2140625 0.04765625 0.05
1 0.384375 0.21796875 0.0375 0.04765625
1 0.3953125 0.27109375 0.0671875 0.08046875
1 0.3921875 0.3609375 0.06328125 0.1234375
1 0.259375 0.26484375 0.06015625 0.06015625
1 0.159375 0.31875 0.06796875 0.084375
1 0.2046875 0.47109375 0.13203125 0.2953125
1 0.28203125 0.85 0.3859375 0.3
1 0.55546875 0.19453125 0.03984375 0.03125
1 0.57421875 0.259375 0.065625 0.075
1 0.6484375 0.18515625 0.02578125 0.01328125
1 0.6796875 0.2046875 0.05078125 0.09453125
1 0.7359375 0.2640625 0.05546875 0.084375
1 0.84453125 0.36875 0.07265625 0.11015625
1 0.4828125 0.18671875 0.04375 0.075
1 0.43515625 0.165625 0.040625 0.06953125
1 0.975 0.4734375 0.04921875 0.115625
1 0.0296875 0.48125 0.059375 0.18125