1 0.40703125 0.1328125 0.07421875 0.11796875
1 0.55 0.25703125 0.0484375 0.06015625
1 0.5734375 0.28671875 0.059375 0.0640625
1 0.65625 0.240625 0.03984375 0.03125
1 0.68515625 0.23515625 0.05859375 0.1
1 0.73671875 0.3125 0.04609375 0.084375
1 0.78125 0.39296875 0.053125 0.07890625
1 0.9703125 0.57578125 0.05859375 0.20390625
1 0.34921875 0.8015625 0.1984375 0.353125
1 0.1984375 0.47109375 0.1796875 0.1703125
1 0.1640625 0.3578125 0.12890625 0.10078125
1 0.4015625 0.39609375 0.10703125 0.11953125
1 0.2640625 0.29453125 0.053125 0.06953125
1 0.30390625 0.24765625 0.03984375 0.075
1 0.33125 0.225 0.03515625 0.08515625
1 0.3953125 0.29765625 0.06875 0.07734375
1 0.40859375 0.25546875 0.0484375 0.04609375
1 0.021875 0.51875 0.04375 0.190625