1 0.28203125 0.37109375 0.0890625 0.2859375
1 0.340625 0.515625 0.1296875 0.28203125
1 0.56171875 0.12890625 0.1296875 0.23046875
1 0.21171875 0.8234375 0.14453125 0.35234375
1 0.521875 0.0640625 0.0453125 0.1
1 0.18671875 0.5984375 0.175 0.43359375
1 0.4203125 0.171875 0.0546875 0.153125
1 0.73515625 0.81328125 0.0703125 0.27734375
1 0.51171875 0.2734375 0.2125 0.521875
1 0.37421875 0.1359375 0.05078125 0.16484375
1 0.18359375 0.43359375 0.09140625 0.0890625
1 0.15859375 0.49921875 0.05625 0.153125
1 0.2734375 0.26875 0.06328125 0.07734375
1 0.4609375 0.134375 0.1046875 0.25625
1 0.834375 0.8625 0.1203125 0.27421875
1 0.4234375 0.12421875 0.0328125 0.05625
1 0.4671875 0.0625 0.0375 0.125
1 0.3578125 0.3578125 0.078125 0.07734375
1 0.021875 0.70859375 0.04375 0.09765625
1 0.0828125 0.8171875 0.165625 0.3546875
1 0.35546875 0.43046875 0.08671875 0.115625
1 0.81484375 0.72734375 0.059375 0.2046875
1 0.3421875 0.67421875 0.2203125 0.64375
1 0.06875 0.73828125 0.06796875 0.14765625
1 0.36171875 0.0640625 0.01953125 0.028125
1 0.525 0.0109375 0.02109375 0.021875
1 0.72734375 0.48046875 0.2921875 0.27734375
1 0.42734375 0.0875 0.0203125 0.028125