1 0.140625 0.3234375 0.08125 0.075
1 0.34453125 0.37265625 0.075 0.09140625
1 0.21796875 0.440625 0.1234375 0.14140625
1 0.82890625 0.38125 0.06171875 0.08203125
1 0.7078125 0.278125 0.05078125 0.06875
1 0.58046875 0.27734375 0.05859375 0.07578125
1 0.53984375 0.24140625 0.034375 0.04296875
1 0.671875 0.2296875 0.04140625 0.0765625
1 0.56796875 0.1171875 0.03125 0.059375
1 0.46875 0.203125 0.0296875 0.03125
1 0.4203125 0.1875 0.0296875 0.0484375
1 0.38359375 0.140625 0.02734375 0.0328125
1 0.2796875 0.23359375 0.04921875 0.06171875
1 0.38359375 0.2390625 0.04609375 0.01953125
1 0.37890625 0.290625 0.0671875 0.04296875
1 0.2453125 0.275 0.05 0.0359375
1 0.31484375 0.178125 0.02890625 0.05703125