1 0.32421875 0.65 0.33359375 0.69296875
1 0.2546875 0.8921875 0.36171875 0.21171875
1 0.39765625 0.4984375 0.16875 0.4625
1 0.3765625 0.1515625 0.10234375 0.234375
1 0.8375 0.35 0.08203125 0.07421875
1 0.67109375 0.19140625 0.05078125 0.08671875
1 0.1359375 0.3046875 0.08203125 0.09453125
1 0.52890625 0.384375 0.13671875 0.35859375
1 0.73046875 0.25859375 0.053125 0.05703125
1 0.4875 0.25625 0.07109375 0.19296875
1 0.06328125 0.21015625 0.0671875 0.1890625
1 0.56953125 0.24609375 0.0546875 0.0796875
1 0.28359375 0.20234375 0.04296875 0.05234375
1 0.79921875 0.42265625 0.15859375 0.221875
1 0.9171875 0.12578125 0.0265625 0.0796875
1 0.57109375 0.12890625 0.06328125 0.10625
1 0.39921875 0.3453125 0.11640625 0.3375