1 0.340625 0.196875 0.09140625 0.20859375
1 0.6234375 0.22578125 0.08203125 0.20078125
1 0.31484375 0.459375 0.12109375 0.32265625
1 0.7109375 0.49140625 0.0984375 0.23203125
1 0.0203125 0.475 0.040625 0.29453125
1 0.121875 0.9390625 0.1875 0.121875
1 0.5265625 0.15703125 0.071875 0.14453125
1 0.75234375 0.08671875 0.0796875 0.16171875
1 0.203125 0.08828125 0.07265625 0.13515625
1 0.8015625 0.27890625 0.09453125 0.1828125
1 0.97265625 0.4375 0.05390625 0.28984375
1 0.56484375 0.0203125 0.034375 0.0359375
1 0.69609375 0.01640625 0.05546875 0.0328125
1 0.078125 0.26484375 0.11171875 0.20234375