1 0.50546875 0.29765625 0.0421875 0.05390625
1 0.45390625 0.30546875 0.0625 0.04296875
1 0.5703125 0.32421875 0.0421875 0.05546875
1 0.69453125 0.3265625 0.06953125 0.059375
1 0.59296875 0.38984375 0.059375 0.065625
1 0.7609375 0.4046875 0.06875 0.08828125
1 0.8015625 0.49921875 0.0703125 0.090625
1 0.29609375 0.8953125 0.1359375 0.209375
1 0.234375 0.57578125 0.19453125 0.2140625
1 0.040625 0.61171875 0.08125 0.2109375
1 0.1625 0.41171875 0.09296875 0.090625
1 0.36796875 0.4625 0.07578125 0.0984375
1 0.2625 0.38515625 0.04375 0.059375
1 0.4015625 0.37890625 0.06015625 0.05625
1 0.30625 0.33515625 0.0578125 0.06015625
1 0.41171875 0.3515625 0.03671875 0.03671875
1 0.375 0.24453125 0.053125 0.096875