1 0.403125 0.1546875 0.0609375 0.146875
1 0.44453125 0.253125 0.0328125 0.10859375
1 0.4859375 0.2515625 0.0390625 0.06171875
1 0.55078125 0.2359375 0.03984375 0.05625
1 0.571875 0.23203125 0.02734375 0.05390625
1 0.571875 0.28984375 0.05625 0.08125
1 0.64765625 0.23984375 0.02421875 0.0484375
1 0.6765625 0.24296875 0.02578125 0.06796875
1 0.74609375 0.296875 0.04765625 0.07109375
1 0.87890625 0.42109375 0.17890625 0.23203125
1 0.98515625 0.52109375 0.0296875 0.1046875
1 0.38125 0.24765625 0.0484375 0.040625
1 0.3875 0.30703125 0.0671875 0.084375
1 0.38046875 0.40546875 0.08671875 0.1546875
1 0.284375 0.253125 0.0390625 0.071875
1 0.2546875 0.30625 0.0421875 0.06953125
1 0.1828125 0.38046875 0.16015625 0.15234375
1 0.234375 0.46953125 0.08515625 0.15078125
1 0.35703125 0.89375 0.2015625 0.2125