1 0.32421875 0.66875 0.33671875 0.65625
1 0.47578125 0.3296875 0.08359375 0.2953125
1 0.66796875 0.21328125 0.06015625 0.08671875
1 0.84921875 0.36015625 0.0875 0.08125
1 0.75234375 0.3234375 0.10546875 0.15234375
1 0.33046875 0.209375 0.04921875 0.16171875
1 0.14375 0.328125 0.0859375 0.10625
1 0.428125 0.228125 0.0546875 0.15078125
1 0.3890625 0.52578125 0.16640625 0.446875
1 0.58828125 0.2640625 0.0546875 0.06875
1 0.80546875 0.43359375 0.1765625 0.2296875
1 0.56015625 0.40390625 0.1109375 0.3484375
1 0.39375 0.3796875 0.11484375 0.31171875
1 0.72578125 0.275 0.0515625 0.05390625
1 0.26953125 0.15390625 0.03046875 0.11484375
1 0.56796875 0.16328125 0.06015625 0.11875
1 0.36875 0.2625 0.06171875 0.0734375
1 0.52265625 0.33515625 0.08125 0.284375