1 0.2609375 0.4671875 0.17109375 0.2359375
1 0.13515625 0.35703125 0.0875 0.10703125
1 0.3390625 0.3828125 0.07109375 0.1359375
1 0.24609375 0.29296875 0.05703125 0.05546875
1 0.275 0.246875 0.053125 0.0703125
1 0.32265625 0.1859375 0.04140625 0.1140625
1 0.3796875 0.2875 0.0671875 0.06875
1 0.46640625 0.20703125 0.03515625 0.08671875
1 0.546875 0.23203125 0.05546875 0.05859375
1 0.57578125 0.278125 0.0625 0.08828125
1 0.646875 0.21640625 0.01796875 0.0421875
1 0.671875 0.22734375 0.04921875 0.09765625
1 0.728125 0.2921875 0.0625 0.08671875
1 0.84609375 0.3828125 0.10078125 0.08515625
1 0.39609375 0.25546875 0.03984375 0.05
1 0.415625 0.2046875 0.04140625 0.08125
1 0.378125 0.146875 0.03828125 0.053125
1 0.575 0.12890625 0.0375 0.06328125