1 0.49296875 0.25 0.03515625 0.075
1 0.45234375 0.23125 0.0734375 0.096875
1 0.55703125 0.2484375 0.04296875 0.04296875
1 0.5796875 0.29765625 0.059375 0.071875
1 0.653125 0.22890625 0.02890625 0.03828125
1 0.67109375 0.23203125 0.0375 0.071875
1 0.7359375 0.30625 0.0390625 0.0640625
1 0.8375 0.38046875 0.0671875 0.10234375
1 0.98984375 0.5421875 0.0203125 0.171875
1 0.359375 0.1328125 0.040625 0.07109375
1 0.37578125 0.1453125 0.03203125 0.07734375
1 0.396875 0.26796875 0.0375 0.04453125
1 0.38515625 0.3046875 0.06953125 0.06015625
1 0.3703125 0.35703125 0.0578125 0.09453125
1 0.2359375 0.4375 0.10625 0.1625
1 0.1703125 0.3609375 0.071875 0.11015625
1 0.03984375 0.49140625 0.0796875 0.221875
1 0.25703125 0.290625 0.0359375 0.059375
1 0.30390625 0.24296875 0.03828125 0.0734375
1 0.24765625 0.7875 0.1640625 0.33984375