1 0.40703125 0.14375 0.06796875 0.10390625
1 0.30546875 0.26484375 0.03515625 0.06328125
1 0.26015625 0.3328125 0.06484375 0.08515625
1 0.17421875 0.3671875 0.0703125 0.08828125
1 0.2484375 0.50390625 0.1328125 0.21640625
1 0.01328125 0.53671875 0.02578125 0.23125
1 0.36875 0.825 0.24609375 0.34921875
1 0.96640625 0.57734375 0.0671875 0.2734375
1 0.853125 0.44609375 0.09296875 0.12109375
1 0.72734375 0.328125 0.05625 0.0734375
1 0.6859375 0.26328125 0.0484375 0.11171875
1 0.65078125 0.25859375 0.03515625 0.06015625
1 0.578125 0.24765625 0.04453125 0.05625
1 0.58046875 0.32265625 0.0765625 0.08125
1 0.46953125 0.31875 0.0515625 0.2234375