1 0.3046875 0.1625 0.0546875 0.075
1 0.2796875 0.21484375 0.05 0.0671875
1 0.3765625 0.23046875 0.0390625 0.03828125
1 0.365625 0.2609375 0.065625 0.06015625
1 0.3390625 0.35078125 0.08671875 0.1234375
1 0.25546875 0.4515625 0.11328125 0.196875
1 0.13203125 0.3234375 0.10078125 0.10390625
1 0.23828125 0.2640625 0.02578125 0.05546875
1 0.4265625 0.1703125 0.03828125 0.07109375
1 0.48125 0.19140625 0.0375 0.06015625
1 0.5546875 0.2125 0.04609375 0.04453125
1 0.58671875 0.26953125 0.06796875 0.07890625
1 0.640625 0.19921875 0.0234375 0.03828125
1 0.671875 0.21015625 0.03828125 0.07890625
1 0.7328125 0.2734375 0.05390625 0.0734375
1 0.85546875 0.36796875 0.071875 0.09296875