1 0.215625 0.46171875 0.14140625 0.1328125
1 0.38671875 0.37734375 0.08046875 0.10625
1 0.8109375 0.37734375 0.06953125 0.11015625
1 0.7203125 0.27265625 0.0453125 0.0703125
1 0.6796875 0.21171875 0.05 0.0921875
1 0.58828125 0.2765625 0.05859375 0.08359375
1 0.13203125 0.3265625 0.0640625 0.0765625
1 0.24140625 0.2640625 0.03984375 0.05234375
1 0.2828125 0.22109375 0.03359375 0.06171875
1 0.31484375 0.18046875 0.03828125 0.059375
1 0.378125 0.2734375 0.0421875 0.0546875
1 0.39375 0.23828125 0.0578125 0.046875
1 0.4640625 0.20234375 0.03671875 0.071875
1 0.4203125 0.19609375 0.025 0.06328125
1 0.54765625 0.2140625 0.0375 0.05546875
1 0.384375 0.1359375 0.0265625 0.04140625
1 0.58515625 0.11015625 0.040625 0.04921875