1 0.72734375 0.6953125 0.26015625 0.60390625
1 0.303125 0.6625 0.2859375 0.66796875
1 0.1609375 0.39140625 0.19921875 0.4265625
1 0.81796875 0.4171875 0.14921875 0.4375
1 0.56953125 0.38515625 0.1546875 0.71171875
1 0.2453125 0.1828125 0.11171875 0.321875
1 0.76953125 0.19453125 0.134375 0.31640625
1 0.25 0.91484375 0.20546875 0.16640625
1 0.91640625 0.6765625 0.16640625 0.64140625
1 0.6375 0.56875 0.17890625 0.8546875
1 0.71484375 0.07265625 0.11484375 0.1453125
1 0.38359375 0.5359375 0.20859375 0.8640625
1 0.5640625 0.1 0.10078125 0.19921875
1 0.06015625 0.77265625 0.1203125 0.44921875
1 0.1609375 0.08203125 0.07109375 0.1609375
1 0.5 0.49921875 0.99296875 0.9953125