1 0.7390625 0.6921875 0.2515625 0.61015625
1 0.32421875 0.66015625 0.27421875 0.67265625
1 0.15390625 0.4203125 0.2 0.49609375
1 0.915625 0.66796875 0.16640625 0.6578125
1 0.38359375 0.3703125 0.21015625 0.5609375
1 0.8109375 0.40234375 0.14453125 0.42734375
1 0.2375 0.159375 0.10078125 0.28984375
1 0.74375 0.1765625 0.10390625 0.31640625
1 0.69140625 0.0703125 0.08984375 0.140625
1 0.1921875 0.9109375 0.21328125 0.1734375
1 0.53828125 0.4046875 0.096875 0.6703125
1 0.8546875 0.125 0.10234375 0.25
1 0.640625 0.5640625 0.17734375 0.8625
1 0.09609375 0.621875 0.19140625 0.7484375
1 0.56640625 0.103125 0.1203125 0.20625
1 0.49921875 0.5 0.99453125 0.99453125