1 0.8453125 0.4109375 0.07890625 0.09609375
1 0.25859375 0.5765625 0.1234375 0.21875
1 0.45078125 0.0734375 0.13984375 0.146875
1 0.6703125 0.43359375 0.06328125 0.1078125
1 0.68984375 0.3734375 0.06796875 0.0703125
1 0.7515625 0.340625 0.06953125 0.06953125
1 0.80234375 0.5390625 0.1375 0.2078125
1 0.2796875 0.3796875 0.0421875 0.065625
1 0.94765625 0.54609375 0.1046875 0.1515625
1 0.17890625 0.43046875 0.075 0.08671875
1 0.03984375 0.75625 0.0796875 0.47265625
1 0.61875 0.21328125 0.0578125 0.1171875
1 0.546875 0.17265625 0.06640625 0.190625
1 0.5734375 0.165625 0.07265625 0.30703125