1 0.6734375 0.696875 0.24296875 0.6
1 0.88046875 0.63671875 0.23671875 0.5921875
1 0.25 0.665625 0.29140625 0.6625
1 0.09375 0.43125 0.18671875 0.4796875
1 0.72890625 0.40625 0.13671875 0.43046875
1 0.66796875 0.20703125 0.109375 0.32734375
1 0.1703125 0.22265625 0.0984375 0.2765625
1 0.20625 0.10234375 0.10390625 0.2046875
1 0.61875 0.0859375 0.09921875 0.171875
1 0.32421875 0.5640625 0.16328125 0.81875
1 0.5046875 0.4484375 0.14453125 0.81875
1 0.05859375 0.76640625 0.11640625 0.4625
1 0.55859375 0.521875 0.1796875 0.70703125
1 0.41171875 0.10390625 0.0875 0.2078125
1 0.484375 0.09296875 0.08359375 0.1859375
1 0.49921875 0.49921875 0.99609375 0.9953125