1 0.19609375 0.46640625 0.11796875 0.16875
1 0.14140625 0.32109375 0.1015625 0.10234375
1 0.34453125 0.365625 0.08046875 0.12265625
1 0.8421875 0.37890625 0.0875 0.084375
1 0.73515625 0.27890625 0.0515625 0.0625
1 0.590625 0.2703125 0.05078125 0.08125
1 0.6734375 0.20625 0.04296875 0.096875
1 0.5515625 0.2203125 0.0359375 0.07265625
1 0.56875 0.1140625 0.04296875 0.071875
1 0.4671875 0.21171875 0.03046875 0.06328125
1 0.4234375 0.1890625 0.034375 0.05859375
1 0.37265625 0.128125 0.03046875 0.0453125
1 0.24375 0.2703125 0.0453125 0.05625
1 0.371875 0.271875 0.06171875 0.06796875
1 0.2828125 0.22109375 0.053125 0.05234375