1 0.6453125 0.16953125 0.0609375 0.146875
1 0.76640625 0.378125 0.07265625 0.0890625
1 0.684375 0.3609375 0.06953125 0.0734375
1 0.70234375 0.45625 0.05703125 0.09296875
1 0.8546875 0.44765625 0.0828125 0.11328125
1 0.7734375 0.54609375 0.1 0.23125
1 0.9546875 0.6265625 0.08984375 0.17890625
1 0.2640625 0.603125 0.1328125 0.18515625
1 0.15625 0.4625 0.07578125 0.121875
1 0.27890625 0.41328125 0.05546875 0.08671875
1 0.33515625 0.4890625 0.0453125 0.11171875
1 0.3375 0.3640625 0.0421875 0.06328125
1 0.03125 0.67578125 0.06171875 0.2609375
1 0.48671875 0.11953125 0.13359375 0.228125