1 0.26796875 0.11171875 0.0796875 0.196875
1 0.3609375 0.2234375 0.09921875 0.19296875
1 0.33125 0.4734375 0.13203125 0.32109375
1 0.04375 0.4015625 0.0875 0.31875
1 0.1328125 0.259375 0.1171875 0.2015625
1 0.2625 0.9015625 0.22265625 0.19609375
1 0.58828125 0.028125 0.0453125 0.05546875
1 0.7328125 0.025 0.065625 0.05
1 0.625 0.09609375 0.06640625 0.17265625
1 0.79453125 0.09609375 0.0828125 0.1578125
1 0.671875 0.24375 0.0875 0.1921875
1 0.85546875 0.29765625 0.10390625 0.2015625
1 0.79921875 0.5328125 0.0984375 0.278125
1 0.978125 0.5125 0.04375 0.278125