1 0.84296875 0.63125 0.3140625 0.6671875
1 0.74921875 0.23515625 0.05703125 0.12578125
1 0.6890625 0.10625 0.0390625 0.0734375
1 0.65625 0.2375 0.0515625 0.09453125
1 0.4890625 0.10859375 0.09765625 0.18125
1 0.42109375 0.08046875 0.0375 0.071875
1 0.421875 0.03046875 0.03359375 0.0484375
1 0.41640625 0.18046875 0.0609375 0.08515625
1 0.284375 0.1609375 0.0828125 0.1140625
1 0.35390625 0.04609375 0.0640625 0.0921875
1 0.19765625 0.4171875 0.109375 0.1546875
1 0.37734375 0.4375 0.11953125 0.2046875
1 0.3046875 0.73515625 0.13125 0.22578125
1 0.04765625 0.74140625 0.0953125 0.2390625