1 0.10859375 0.13203125 0.090625 0.14140625
1 0.290625 0.2390625 0.0734375 0.1765625
1 0.040625 0.296875 0.08125 0.18515625
1 0.2296875 0.53359375 0.14921875 0.2796875
1 0.66796875 0.51796875 0.10703125 0.18984375
1 0.903125 0.43125 0.1109375 0.22578125
1 0.75703125 0.24453125 0.0953125 0.18984375
1 0.70078125 0.109375 0.0875 0.18125
1 0.51796875 0.0859375 0.0625 0.1046875
1 0.54140625 0.24375 0.0734375 0.18515625
1 0.62265625 0.03046875 0.0671875 0.0609375
1 0.5046875 0.02578125 0.06015625 0.05078125
1 0.15078125 0.025 0.0625 0.05