1 0.30234375 0.75625 0.12578125 0.18671875
1 0.3671875 0.52421875 0.10703125 0.27109375
1 0.175 0.503125 0.07421875 0.09296875
1 0.19921875 0.8484375 0.084375 0.27890625
1 0.28828125 0.2734375 0.0609375 0.0640625
1 0.05234375 0.83046875 0.10390625 0.184375
1 0.29453125 0.375 0.10078125 0.2734375
1 0.44921875 0.128125 0.10390625 0.25390625
1 0.5421875 0.084375 0.11328125 0.15546875
1 0.80859375 0.15546875 0.378125 0.3109375
1 0.49765625 0.2359375 0.228125 0.459375
1 0.37578125 0.346875 0.0671875 0.08671875
1 0.4625 0.05 0.07109375 0.0953125
1 0.18359375 0.57265625 0.0703125 0.1203125
1 0.4 0.1421875 0.04765625 0.13203125
1 0.36796875 0.4375 0.08984375 0.09140625
1 0.36796875 0.0828125 0.02109375 0.034375
1 0.865625 0.74296875 0.26875 0.509375
1 0.396875 0.05859375 0.09296875 0.11484375
1 0.22734375 0.4953125 0.1515625 0.19296875
1 0.25625 0.3296875 0.04453125 0.14296875
1 0.30703125 0.8859375 0.1125 0.209375
1 0.29375 0.16875 0.03359375 0.071875
1 0.25859375 0.9625 0.06875 0.07109375
1 0.42421875 0.0265625 0.03203125 0.05234375
1 0.3359375 0.70546875 0.06015625 0.09140625
1 0.6 0.05078125 0.0703125 0.0984375
1 0.5296875 0.03828125 0.06796875 0.07578125
1 0.609375 0.01640625 0.04375 0.0328125
1 0.3359375 0.61171875 0.0640625 0.115625
1 0.13984375 0.18671875 0.02421875 0.08671875
1 0.0359375 0.9375 0.071875 0.121875
1 0.7859375 0.8828125 0.1046875 0.23359375
1 0.33125 0.27890625 0.0296875 0.07734375
1 0.14609375 0.95390625 0.15 0.090625
1 0.85234375 0.43828125 0.2828125 0.45
1 0.3671875 0.10703125 0.0265625 0.0734375
1 0.303125 0.2140625 0.03515625 0.05234375
1 0.28046875 0.17578125 0.0109375 0.02734375