1 0.7171875 0.7359375 0.26015625 0.52265625
1 0.1609375 0.415625 0.19453125 0.4953125
1 0.81171875 0.39375 0.134375 0.43125
1 0.375 0.3703125 0.16484375 0.49375
1 0.9140625 0.6703125 0.1703125 0.653125
1 0.22265625 0.16640625 0.14296875 0.31953125
1 0.09375 0.62109375 0.18671875 0.75
1 0.73828125 0.1734375 0.0875 0.3171875
1 0.32421875 0.63984375 0.28515625 0.7140625
1 0.546875 0.3015625 0.14375 0.55234375
1 0.6984375 0.0671875 0.09765625 0.134375
1 0.221875 0.896875 0.30703125 0.20234375
1 0.63515625 0.56015625 0.18046875 0.86640625
1 0.12890625 0.09609375 0.05859375 0.11328125
1 0.49921875 0.49921875 0.99453125 0.9953125
1 0.57421875 0.1140625 0.1125 0.228125
1 0.159375 0.909375 0.16640625 0.17578125