1 0.64765625 0.346875 0.0140625 0.0265625
1 0.20859375 0.56171875 0.159375 0.22265625
1 0.1515625 0.4546875 0.08828125 0.10078125
1 0.73125 0.4109375 0.053125 0.0578125
1 0.85078125 0.49921875 0.08671875 0.07890625
1 0.24921875 0.4046875 0.05625 0.0296875
1 0.2046875 0.92421875 0.275 0.1421875
1 0.8265625 0.58671875 0.1453125 0.2453125
1 0.565625 0.396875 0.05625 0.07578125
1 0.56875 0.35 0.04453125 0.053125
1 0.7078125 0.4671875 0.1078125 0.16640625
1 0.67265625 0.346875 0.05 0.08671875
1 0.40703125 0.65546875 0.13125 0.48203125
1 0.67109375 0.4 0.08046875 0.1859375
1 0.56015625 0.4953125 0.1015625 0.2734375
1 0.3015625 0.3796875 0.06875 0.10703125
1 0.9546875 0.75390625 0.08828125 0.46796875
1 0.4703125 0.384375 0.07265625 0.20390625
1 0.3796875 0.3234375 0.0859375 0.18671875