1 0.32109375 0.47421875 0.134375 0.2765625
1 0.2484375 0.91953125 0.17578125 0.1609375
1 0.75 0.5671875 0.1140625 0.26015625
1 0.98125 0.55390625 0.0375 0.24296875
1 0.8390625 0.32109375 0.10234375 0.16796875
1 0.66328125 0.29921875 0.0734375 0.19296875
1 0.38984375 0.27109375 0.103125 0.19140625
1 0.1421875 0.30234375 0.13125 0.1765625
1 0.24765625 0.13828125 0.07578125 0.165625
1 0.28203125 0.034375 0.05625 0.0578125
1 0.528125 0.04375 0.05390625 0.08203125
1 0.6 0.03359375 0.04609375 0.0625
1 0.72890625 0.04765625 0.04921875 0.0859375
1 0.59765625 0.1359375 0.06484375 0.14140625
1 0.7859375 0.153125 0.07421875 0.13984375