1 0.09453125 0.2734375 0.11640625 0.2
1 0.3015625 0.23515625 0.11484375 0.20078125
1 0.315625 0.45078125 0.11640625 0.309375
1 0.75390625 0.54765625 0.1078125 0.26015625
1 0.96640625 0.48125 0.06640625 0.33359375
1 0.8140625 0.25078125 0.0984375 0.1984375
1 0.63203125 0.234375 0.06875 0.1921875
1 0.5578125 0.0953125 0.07421875 0.1609375
1 0.14140625 0.91015625 0.2296875 0.1796875
1 0.02109375 0.44765625 0.04140625 0.38671875
1 0.175 0.0890625 0.10625 0.17734375
1 0.75546875 0.0875 0.0890625 0.13359375
1 0.709375 0.0296875 0.0625 0.059375
1 0.575 0.02578125 0.0515625 0.05078125