1 0.47890625 0.3078125 0.078125 0.29765625
1 0.26953125 0.66484375 0.39296875 0.665625
1 0.1234375 0.3140625 0.08515625 0.08203125
1 0.54140625 0.37578125 0.12890625 0.346875
1 0.3796875 0.503125 0.20703125 0.43125
1 0.27421875 0.21171875 0.04453125 0.04296875
1 0.42890625 0.21171875 0.06015625 0.14609375
1 0.65390625 0.209375 0.1046875 0.14453125
1 0.7015625 0.3796875 0.10859375 0.28515625
1 0.72890625 0.2625 0.053125 0.0515625
1 0.43359375 0.27578125 0.0703125 0.27421875
1 0.0875 0.3890625 0.15703125 0.234375
1 0.35625 0.2515625 0.0578125 0.05625
1 0.31953125 0.3375 0.08515625 0.09921875
1 0.80703125 0.4296875 0.18203125 0.20703125
1 0.734375 0.178125 0.0265625 0.08515625
1 0.24453125 0.2578125 0.04453125 0.028125
1 0.51796875 0.1515625 0.01953125 0.07265625
1 0.38828125 0.35625 0.1234375 0.2671875
1 0.48359375 0.23125 0.06953125 0.1421875
1 0.85703125 0.3578125 0.08203125 0.0625