1 0.42421875 0.284375 0.1890625 0.565625
1 0.27421875 0.2078125 0.06640625 0.06015625
1 0.1703125 0.26015625 0.06796875 0.14453125
1 0.25546875 0.3765625 0.13828125 0.1828125
1 0.05078125 0.4625 0.1015625 0.14453125
1 0.7578125 0.3640625 0.11875 0.1796875
1 0.6640625 0.24765625 0.0671875 0.090625
1 0.86640625 0.21328125 0.08984375 0.0671875
1 0.74609375 0.1625 0.0796875 0.075
1 0.69765625 0.12890625 0.0484375 0.04765625
1 0.66640625 0.0796875 0.05390625 0.0484375
1 0.5640625 0.12421875 0.13125 0.2484375
1 0.959375 0.5359375 0.08125 0.41484375