1 0.71484375 0.69921875 0.25234375 0.596875
1 0.32578125 0.6671875 0.28203125 0.659375
1 0.38125 0.3921875 0.2046875 0.55078125
1 0.16875 0.39453125 0.18046875 0.5125
1 0.9109375 0.6921875 0.1765625 0.609375
1 0.096875 0.6265625 0.19296875 0.74140625
1 0.7546875 0.20625 0.11796875 0.325
1 0.24921875 0.1890625 0.09140625 0.29765625
1 0.6984375 0.08203125 0.1 0.1640625
1 0.55078125 0.4265625 0.1671875 0.7859375
1 0.628125 0.575 0.18203125 0.840625
1 0.2359375 0.915625 0.2140625 0.165625
1 0.925 0.1296875 0.07109375 0.259375
1 0.57734375 0.221875 0.11328125 0.371875
1 0.56875 0.12421875 0.12890625 0.246875
1 0.49921875 0.5 0.99453125 0.99453125
1 0.85390625 0.12109375 0.084375 0.24140625
1 0.8078125 0.4265625 0.14296875 0.440625