1 0.25078125 0.49140625 0.16484375 0.2421875
1 0.3453125 0.40390625 0.0765625 0.1171875
1 0.14609375 0.36796875 0.07578125 0.11015625
1 0.240625 0.31171875 0.04453125 0.065625
1 0.2671875 0.27265625 0.05703125 0.0625
1 0.32265625 0.21015625 0.04375 0.10703125
1 0.375 0.31640625 0.06484375 0.0671875
1 0.38359375 0.17734375 0.03046875 0.0734375
1 0.390625 0.27578125 0.04921875 0.04140625
1 0.41875 0.22890625 0.040625 0.09453125
1 0.4703125 0.26171875 0.0390625 0.09921875
1 0.571875 0.14375 0.04296875 0.0890625
1 0.5453125 0.2515625 0.0484375 0.0609375
1 0.5734375 0.29765625 0.05078125 0.1078125
1 0.64609375 0.23828125 0.0265625 0.04296875
1 0.66796875 0.24296875 0.05234375 0.11796875
1 0.715625 0.30625 0.06953125 0.09140625
1 0.84296875 0.4125 0.09453125 0.084375