1 0.35078125 0.4828125 0.11640625 0.19765625
1 0.8703125 0.3515625 0.09765625 0.1140625
1 0.73359375 0.2546875 0.05859375 0.0625
1 0.6859375 0.19375 0.04296875 0.0921875
1 0.65234375 0.1828125 0.028125 0.04765625
1 0.5796875 0.24609375 0.03984375 0.078125
1 0.55546875 0.20234375 0.0328125 0.05703125
1 0.46953125 0.2 0.0375 0.07265625
1 0.4140625 0.1625 0.02890625 0.0578125
1 0.14375 0.309375 0.06875 0.084375
1 0.42734375 0.37734375 0.0734375 0.12890625
1 0.3765625 0.23984375 0.05703125 0.0734375
1 0.25390625 0.253125 0.06015625 0.05
1 0.29296875 0.19453125 0.0515625 0.05703125
1 0.3359375 0.14765625 0.03828125 0.0734375