1 0.3859375 0.16015625 0.04765625 0.1046875
1 0.41171875 0.3109375 0.05546875 0.08125
1 0.390625 0.346875 0.06171875 0.10234375
1 0.375 0.4046875 0.059375 0.09609375
1 0.28125 0.29375 0.05 0.08046875
1 0.26484375 0.31484375 0.05234375 0.0671875
1 0.15625 0.37734375 0.071875 0.090625
1 0.21875 0.5328125 0.1328125 0.26953125
1 0.30859375 0.83515625 0.2296875 0.3125
1 0.56484375 0.26875 0.03984375 0.05625
1 0.5796875 0.33828125 0.0703125 0.09609375
1 0.65703125 0.2828125 0.03046875 0.059375
1 0.68671875 0.27734375 0.06796875 0.1
1 0.73515625 0.36015625 0.05 0.090625
1 0.78359375 0.44140625 0.07890625 0.115625
1 0.9890625 0.63046875 0.021875 0.3015625