1 0.3015625 0.23125 0.09140625 0.178125
1 0.1421875 0.10390625 0.11796875 0.15625
1 0.2359375 0.478125 0.1328125 0.28671875
1 0.04765625 0.27109375 0.09453125 0.17421875
1 0.67109375 0.51875 0.078125 0.19765625
1 0.87421875 0.48125 0.1046875 0.2375
1 0.7515625 0.28046875 0.07421875 0.13828125
1 0.54765625 0.24140625 0.0765625 0.13984375
1 0.5359375 0.1015625 0.065625 0.09609375
1 0.6640625 0.11015625 0.0765625 0.14609375
1 0.63671875 0.028125 0.05625 0.05546875
1 0.51484375 0.0140625 0.05703125 0.02734375
1 0.1640625 0.92109375 0.2078125 0.1578125
1 0.97890625 0.5921875 0.04140625 0.35625