1 0.68671875 0.4984375 0.62421875 0.9953125
1 0.30546875 0.7828125 0.22734375 0.428125
1 0.53984375 0.15234375 0.2078125 0.3046875
1 0.19765625 0.59296875 0.19140625 0.53125
1 0.4453125 0.4484375 0.27421875 0.67109375
1 0.10078125 0.79765625 0.20078125 0.40078125
1 0.88515625 0.803125 0.22734375 0.3890625
1 0.32265625 0.13203125 0.071875 0.18203125
1 0.409375 0.0921875 0.04609375 0.0625
1 0.3671875 0.06328125 0.05234375 0.12578125
1 0.3015625 0.275 0.0890625 0.26640625
1 0.26640625 0.303125 0.15859375 0.32265625