1 0.40625 0.2328125 0.06328125 0.153125
1 0.33984375 0.52578125 0.09921875 0.22265625
1 0.25 0.91171875 0.1984375 0.1765625
1 0.7609375 0.56796875 0.10625 0.2625
1 0.88515625 0.3046875 0.0625 0.1671875
1 0.79921875 0.12578125 0.059375 0.1359375
1 0.6515625 0.30078125 0.04609375 0.109375
1 0.6015625 0.128125 0.04921875 0.1125
1 0.7453125 0.04375 0.05546875 0.08671875
1 0.61171875 0.0296875 0.05703125 0.05859375
1 0.5390625 0.028125 0.040625 0.05625
1 0.309375 0.02734375 0.053125 0.0546875
1 0.24140625 0.08515625 0.08359375 0.1328125
1 0.1546875 0.25390625 0.09609375 0.18515625
1 0.05 0.40859375 0.1 0.3765625