1 0.40546875 0.19453125 0.06328125 0.14140625
1 0.05078125 0.73203125 0.1015625 0.2953125
1 0.4328125 0.09921875 0.0453125 0.1046875
1 0.83828125 0.4421875 0.0546875 0.11796875
1 0.30078125 0.81640625 0.08671875 0.1015625
1 0.30859375 0.2671875 0.10078125 0.27109375
1 0.7390625 0.65859375 0.13046875 0.35703125
1 0.5484375 0.03984375 0.06796875 0.0796875
1 0.50546875 0.1375 0.1296875 0.275
1 0.36875 0.06171875 0.06171875 0.12109375
1 0.75703125 0.34453125 0.04453125 0.0859375
1 0.70625 0.52265625 0.04765625 0.06640625
1 0.38203125 0.50625 0.1328125 0.365625
1 0.3453125 0.0171875 0.0078125 0.0203125
1 0.16796875 0.42578125 0.13203125 0.1984375