1 0.1359375 0.54609375 0.16953125 0.21796875
1 0.15703125 0.409375 0.0875 0.1421875
1 0.35 0.45625 0.109375 0.1296875
1 0.83828125 0.46484375 0.10390625 0.08671875
1 0.72421875 0.37109375 0.05546875 0.08359375
1 0.5640625 0.3578125 0.07109375 0.1125
1 0.671875 0.30625 0.04140625 0.115625
1 0.6453125 0.30234375 0.021875 0.04375
1 0.321875 0.31328125 0.0625 0.10234375
1 0.265625 0.36171875 0.0515625 0.0609375
1 0.39453125 0.3515625 0.0671875 0.09609375
1 0.315625 0.25 0.03984375 0.0671875
1 0.42578125 0.321875 0.0359375 0.059375
1 0.4203125 0.26328125 0.03828125 0.06640625
1 0.48125 0.3 0.0453125 0.05234375
1 0.3828125 0.225 0.028125 0.0625
1 0.57109375 0.203125 0.0453125 0.05546875
1 0.54453125 0.31015625 0.0453125 0.0578125