1 0.21953125 0.4296875 0.1375 0.16015625
1 0.86875 0.3640625 0.09609375 0.09296875
1 0.734375 0.26328125 0.0484375 0.04765625
1 0.58828125 0.2578125 0.04375 0.0734375
1 0.66953125 0.17578125 0.0625 0.09375
1 0.5453125 0.2171875 0.05234375 0.06328125
1 0.4609375 0.19921875 0.03671875 0.06171875
1 0.4140625 0.1890625 0.040625 0.06875
1 0.321875 0.34921875 0.075 0.09609375
1 0.1328125 0.30390625 0.07890625 0.0921875
1 0.2421875 0.25625 0.04765625 0.04765625
1 0.35859375 0.25625 0.04765625 0.0703125
1 0.27421875 0.2171875 0.05078125 0.06640625
1 0.3859375 0.21171875 0.03984375 0.0453125
1 0.37578125 0.1140625 0.02421875 0.04375