1 0.1921875 0.09140625 0.10234375 0.1421875
1 0.36484375 0.21015625 0.10078125 0.22421875
1 0.10625 0.25625 0.11484375 0.17734375
1 0.3109375 0.459375 0.153125 0.33671875
1 0.03515625 0.471875 0.06953125 0.3109375
1 0.19296875 0.9078125 0.2328125 0.184375
1 0.734375 0.52734375 0.13359375 0.31171875
1 0.96015625 0.51171875 0.0796875 0.2984375
1 0.83984375 0.29296875 0.10390625 0.20703125
1 0.65546875 0.2390625 0.096875 0.18671875
1 0.765625 0.09453125 0.06953125 0.13671875
1 0.55234375 0.15078125 0.07421875 0.13125
1 0.5296875 0.025 0.06953125 0.04140625
1 0.71484375 0.02578125 0.0828125 0.05078125