1 0.246875 0.86640625 0.178125 0.2671875
1 0.36015625 0.3609375 0.103125 0.2578125
1 0.059375 0.27421875 0.11796875 0.28671875
1 0.18203125 0.1453125 0.10078125 0.2125
1 0.40625 0.1390625 0.0640625 0.16796875
1 0.78515625 0.5015625 0.08515625 0.24453125
1 0.9671875 0.43984375 0.065625 0.23984375
1 0.903125 0.246875 0.0734375 0.18828125
1 0.82578125 0.0703125 0.0703125 0.140625
1 0.68046875 0.19609375 0.059375 0.16328125
1 0.64921875 0.0515625 0.04921875 0.10234375
1 0.28515625 0.03671875 0.071875 0.0734375