1 0.13828125 0.30859375 0.08125 0.09296875
1 0.40625 0.37890625 0.065625 0.10390625
1 0.209375 0.44375 0.128125 0.16953125
1 0.80234375 0.35546875 0.08046875 0.0703125
1 0.2578125 0.2546875 0.04921875 0.03984375
1 0.375 0.25078125 0.06328125 0.05546875
1 0.58046875 0.2484375 0.059375 0.08203125
1 0.7328125 0.26875 0.059375 0.059375
1 0.6796875 0.1953125 0.0421875 0.07734375
1 0.55078125 0.203125 0.04609375 0.05546875
1 0.475 0.19140625 0.028125 0.0703125
1 0.39609375 0.21484375 0.04921875 0.05234375
1 0.41640625 0.16171875 0.03359375 0.06484375
1 0.58671875 0.0953125 0.03828125 0.0421875
1 0.3640625 0.09453125 0.0515625 0.05078125
1 0.328125 0.15 0.0421875 0.0734375
1 0.2703125 0.1984375 0.05859375 0.07421875