1 0.246875 0.45703125 0.14140625 0.2421875
1 0.13671875 0.33984375 0.09296875 0.1375
1 0.85234375 0.38125 0.0953125 0.128125
1 0.721875 0.2890625 0.059375 0.08515625
1 0.6 0.28515625 0.0640625 0.06328125
1 0.35234375 0.37265625 0.090625 0.115625
1 0.6796875 0.21953125 0.071875 0.125
1 0.540625 0.2453125 0.04140625 0.09921875
1 0.465625 0.2265625 0.02265625 0.07421875
1 0.42109375 0.20390625 0.0453125 0.09375
1 0.5671875 0.13046875 0.053125 0.11796875
1 0.37265625 0.13984375 0.07890625 0.10390625
1 0.30703125 0.1625 0.05625 0.06640625
1 0.28359375 0.24296875 0.08828125 0.0890625
1 0.3765625 0.27265625 0.06875 0.084375
1 0.2453125 0.30078125 0.065625 0.1234375