1 0.76328125 0.721875 0.27109375 0.553125
1 0.3265625 0.6609375 0.29375 0.6703125
1 0.18359375 0.390625 0.19609375 0.41875
1 0.7921875 0.196875 0.13671875 0.31640625
1 0.25546875 0.16875 0.134375 0.3015625
1 0.73203125 0.0734375 0.10625 0.14609375
1 0.590625 0.38984375 0.15859375 0.71796875
1 0.26640625 0.91328125 0.203125 0.16875
1 0.84140625 0.33046875 0.15234375 0.26015625
1 0.10234375 0.178125 0.08984375 0.2625
1 0.6578125 0.56953125 0.18046875 0.853125
1 0.9265625 0.7578125 0.14453125 0.47890625
1 0.40234375 0.5359375 0.2078125 0.86328125
1 0.584375 0.10078125 0.103125 0.2015625
1 0.06953125 0.75546875 0.1390625 0.4828125
1 0.49921875 0.49921875 0.99453125 0.99453125