1 0.4 0.23984375 0.04921875 0.125
1 0.328125 0.3265625 0.03671875 0.05625
1 0.31796875 0.38203125 0.05078125 0.05234375
1 0.3859375 0.4078125 0.0390625 0.09296875
1 0.40703125 0.371875 0.040625 0.059375
1 0.24921875 0.41640625 0.0390625 0.07890625
1 0.33359375 0.50078125 0.0765625 0.1296875
1 0.228125 0.59453125 0.11875 0.196875
1 0.15390625 0.47109375 0.07734375 0.10390625
1 0.02421875 0.65 0.0484375 0.165625
1 0.27734375 0.94921875 0.29140625 0.1015625
1 0.84140625 0.53125 0.0828125 0.10390625
1 0.97890625 0.63046875 0.04140625 0.16796875
1 0.73125 0.41953125 0.05625 0.0640625
1 0.69296875 0.35625 0.08203125 0.10078125
1 0.653125 0.353125 0.0421875 0.05234375
1 0.56796875 0.3609375 0.05078125 0.065625
1 0.58828125 0.4296875 0.0765625 0.090625
1 0.4703125 0.43125 0.06484375 0.16171875