1 0.1234375 0.65703125 0.24609375 0.678125
1 0.77109375 0.7625 0.25859375 0.46875
1 0.36640625 0.71015625 0.26796875 0.5734375
1 0.2375 0.46328125 0.1765625 0.48359375
1 0.43984375 0.48828125 0.20078125 0.53515625
1 0.87109375 0.55546875 0.17734375 0.45625
1 0.3234375 0.28046875 0.08515625 0.2953125
1 0.678125 0.640625 0.20859375 0.70234375
1 0.625 0.35703125 0.1796875 0.41796875
1 0.7765625 0.1765625 0.10078125 0.22265625
1 0.6296875 0.1734375 0.12265625 0.3
1 0.81328125 0.32421875 0.12109375 0.30859375
1 0.4984375 0.5 0.99375 0.99296875
1 0.61640625 0.53828125 0.2 0.78203125
1 0.25625 0.9546875 0.17421875 0.0875
1 0.94140625 0.80078125 0.11484375 0.3921875