1 0.33203125 0.6890625 0.3234375 0.615625
1 0.39453125 0.58046875 0.18046875 0.45703125
1 0.33203125 0.25625 0.0515625 0.16875
1 0.4796875 0.321875 0.078125 0.20625
1 0.55 0.43671875 0.11015625 0.3390625
1 0.1296875 0.37890625 0.08515625 0.08671875
1 0.42734375 0.26953125 0.06640625 0.1453125
1 0.89921875 0.3640625 0.05703125 0.20234375
1 0.8359375 0.4171875 0.08046875 0.06328125
1 0.153125 0.28515625 0.025 0.13984375
1 0.178125 0.28046875 0.03125 0.140625
1 0.865625 0.3796875 0.05546875 0.1078125
1 0.27421875 0.27578125 0.04296875 0.040625
1 0.6640625 0.25703125 0.05703125 0.08671875
1 0.7234375 0.3171875 0.05546875 0.06796875
1 0.39296875 0.2203125 0.03515625 0.13125
1 0.80390625 0.31953125 0.05234375 0.11640625
1 0.796875 0.490625 0.15859375 0.21015625
1 0.89453125 0.26953125 0.06328125 0.1109375
1 0.7953125 0.2671875 0.0390625 0.0921875