1 0.36171875 0.2234375 0.04765625 0.084375
1 0.30234375 0.334375 0.04921875 0.07734375
1 0.403125 0.3765625 0.0484375 0.065625
1 0.3484375 0.440625 0.08515625 0.12734375
1 0.215625 0.53203125 0.146875 0.2234375
1 0.17890625 0.41328125 0.10703125 0.11171875
1 0.15390625 0.84296875 0.1984375 0.31328125
1 0.0328125 0.63203125 0.065625 0.1796875
1 0.63203125 0.3390625 0.0453125 0.06953125
1 0.70078125 0.33515625 0.06875 0.07734375
1 0.5921875 0.396875 0.06328125 0.10625
1 0.7484375 0.415625 0.0640625 0.1171875
1 0.80859375 0.49921875 0.090625 0.1296875
1 0.50703125 0.29375 0.06484375 0.0828125
1 0.45625 0.3109375 0.04296875 0.07890625