1 0.2640625 0.0984375 0.0796875 0.11484375
1 0.1765625 0.284375 0.11328125 0.17109375
1 0.05234375 0.44765625 0.10390625 0.325
1 0.38515625 0.4796875 0.09140625 0.228125
1 0.81796875 0.54921875 0.08828125 0.18984375
1 0.8671875 0.29453125 0.0609375 0.165625
1 0.8109375 0.096875 0.04921875 0.1296875
1 0.72421875 0.28515625 0.0671875 0.1828125
1 0.47734375 0.1734375 0.0984375 0.146875
1 0.68515625 0.10078125 0.05390625 0.1203125
1 0.771875 0.0265625 0.06796875 0.05234375
1 0.63359375 0.01796875 0.06015625 0.0359375