1 0.61171875 0.4984375 0.56796875 0.9953125
1 0.30546875 0.7765625 0.203125 0.44140625
1 0.10859375 0.7796875 0.2171875 0.4375
1 0.85625 0.6765625 0.2859375 0.64140625
1 0.21953125 0.53203125 0.17109375 0.4234375
1 0.36484375 0.43359375 0.10859375 0.271875
1 0.76328125 0.221875 0.0859375 0.15
1 0.3109375 0.2484375 0.121875 0.25078125
1 0.76640625 0.3921875 0.25390625 0.775
1 0.35703125 0.15234375 0.0796875 0.26953125
1 0.87890625 0.46796875 0.10703125 0.246875
1 0.84765625 0.51015625 0.17109375 0.33125