1 0.31875 0.66015625 0.3609375 0.6734375
1 0.3921875 0.52578125 0.18515625 0.446875
1 0.48046875 0.29375 0.06484375 0.290625
1 0.43046875 0.21484375 0.07109375 0.1609375
1 0.14296875 0.3140625 0.08359375 0.08671875
1 0.54296875 0.39921875 0.11171875 0.3921875
1 0.6984375 0.315625 0.10546875 0.16328125
1 0.3078125 0.19453125 0.0703125 0.15703125
1 0.51640625 0.3265625 0.06328125 0.27734375
1 0.72421875 0.2625 0.05390625 0.05625
1 0.83515625 0.35625 0.08515625 0.0640625
1 0.671875 0.19921875 0.04921875 0.08359375
1 0.27578125 0.21171875 0.04609375 0.04765625
1 0.3640625 0.25078125 0.0578125 0.06171875
1 0.79453125 0.39765625 0.1671875 0.14765625
1 0.2484375 0.26015625 0.04453125 0.0296875
1 0.39296875 0.36015625 0.11640625 0.28046875
1 0.24375 0.21484375 0.02421875 0.06640625