1 0.3328125 0.8453125 0.24765625 0.3015625
1 0.2609375 0.53046875 0.153125 0.215625
1 0.79375 0.484375 0.10078125 0.11484375
1 0.5765625 0.3171875 0.04921875 0.05703125
1 0.58203125 0.36484375 0.05703125 0.084375
1 0.30234375 0.3171875 0.03984375 0.046875
1 0.74140625 0.38046875 0.05390625 0.05703125
1 0.17734375 0.4125 0.0875 0.10390625
1 0.40546875 0.35859375 0.059375 0.07734375
1 0.3828125 0.44609375 0.0796875 0.13984375
1 0.66328125 0.3140625 0.0203125 0.0296875
1 0.7359375 0.45 0.0953125 0.196875
1 0.68828125 0.33046875 0.06484375 0.1078125
1 0.265625 0.36328125 0.04453125 0.03046875
1 0.50625 0.41875 0.06015625 0.31171875
1 0.55390625 0.31171875 0.028125 0.03359375
1 0.5640625 0.28046875 0.01953125 0.0359375
1 0.15 0.41953125 0.03203125 0.06796875
1 0.375 0.20703125 0.053125 0.09296875
1 0.4359375 0.30390625 0.0390625 0.0515625