1 0.740625 0.70390625 0.25234375 0.5875
1 0.3328125 0.64921875 0.27421875 0.69375
1 0.38671875 0.3703125 0.19921875 0.54609375
1 0.81171875 0.4046875 0.14296875 0.42265625
1 0.15390625 0.42890625 0.20078125 0.50703125
1 0.22265625 0.16015625 0.13828125 0.29375
1 0.9171875 0.665625 0.1640625 0.66328125
1 0.74296875 0.18125 0.10078125 0.3140625
1 0.1 0.65859375 0.19921875 0.67734375
1 0.18203125 0.91015625 0.20078125 0.1765625
1 0.5328125 0.40234375 0.10859375 0.65625
1 0.575 0.0484375 0.10546875 0.096875
1 0.696875 0.06953125 0.1 0.1390625
1 0.64140625 0.5640625 0.17734375 0.8625
1 0.49921875 0.5 0.99453125 0.99453125