1 0.53515625 0.3421875 0.31015625 0.66875
1 0.2890625 0.63359375 0.1328125 0.17734375
1 0.29609375 0.2453125 0.103125 0.28046875
1 0.86640625 0.64921875 0.25546875 0.4359375
1 0.15625 0.41328125 0.1109375 0.1859375
1 0.48125 0.0953125 0.11328125 0.18828125
1 0.38984375 0.18203125 0.0703125 0.1796875
1 0.04296875 0.65859375 0.0859375 0.1671875
1 0.40625 0.06328125 0.03671875 0.084375
1 0.275 0.12734375 0.05390625 0.06328125
1 0.25 0.19765625 0.01171875 0.05546875
1 0.35078125 0.0171875 0.0328125 0.03359375
1 0.315625 0.08046875 0.03984375 0.05546875
1 0.4046875 0.01484375 0.0296875 0.0296875
1 0.55625 0.02890625 0.05 0.0578125
1 0.35390625 0.4 0.0765625 0.15390625
1 0.103125 0.78125 0.20390625 0.4296875