1 0.4125 0.36015625 0.06484375 0.10078125
1 0.853125 0.34921875 0.0828125 0.09453125
1 0.2375 0.41484375 0.1140625 0.16640625
1 0.14375 0.30078125 0.06640625 0.0859375
1 0.728125 0.259375 0.0578125 0.05625
1 0.57109375 0.2375 0.04921875 0.07421875
1 0.68203125 0.18359375 0.040625 0.078125
1 0.559375 0.1921875 0.04453125 0.04765625
1 0.37734375 0.24765625 0.05703125 0.05
1 0.25078125 0.24453125 0.0484375 0.0328125
1 0.2578125 0.17578125 0.00078125 0.003125
1 0.275 0.19765625 0.0515625 0.0515625
1 0.3984375 0.2140625 0.0453125 0.040625
1 0.32109375 0.140625 0.05625 0.0765625
1 0.46875 0.17890625 0.03671875 0.0640625
1 0.41953125 0.15859375 0.02734375 0.05625
1 0.59140625 0.078125 0.02109375 0.034375
1 0.35546875 0.0859375 0.02578125 0.040625