1 0.35546875 0.1828125 0.06875 0.10078125
1 0.296875 0.25546875 0.08828125 0.090625
1 0.3828125 0.25078125 0.0359375 0.0390625
1 0.3828125 0.29296875 0.06796875 0.06796875
1 0.3640625 0.35625 0.071875 0.11953125
1 0.24765625 0.28671875 0.0578125 0.06953125
1 0.128125 0.33125 0.1046875 0.1
1 0.178125 0.42109375 0.1140625 0.1640625
1 0.60234375 0.290625 0.0796875 0.08515625
1 0.546875 0.23359375 0.0609375 0.08125
1 0.49140625 0.2109375 0.0390625 0.0640625
1 0.43046875 0.2140625 0.05625 0.0734375
1 0.64921875 0.2265625 0.03828125 0.03515625
1 0.68046875 0.2328125 0.04609375 0.08046875
1 0.71484375 0.28203125 0.0546875 0.11015625