1 0.4296875 0.1734375 0.0453125 0.1046875
1 0.4890625 0.20546875 0.03984375 0.08046875
1 0.553125 0.23125 0.0453125 0.06328125
1 0.65234375 0.19375 0.015625 0.0328125
1 0.6734375 0.20703125 0.0453125 0.08046875
1 0.6078125 0.27109375 0.05546875 0.08828125
1 0.73359375 0.28046875 0.065625 0.0828125
1 0.83515625 0.37109375 0.10859375 0.121875
1 0.3765625 0.25390625 0.0609375 0.071875
1 0.3 0.2046875 0.0703125 0.06796875
1 0.25625 0.2703125 0.0703125 0.06328125
1 0.1421875 0.33046875 0.10390625 0.10078125
1 0.35859375 0.38671875 0.09765625 0.1328125
1 0.34609375 0.15 0.040625 0.0734375
1 0.19921875 0.43203125 0.14375 0.18359375