1 0.31953125 0.490625 0.12109375 0.2546875
1 0.7625 0.56328125 0.0953125 0.1796875
1 0.86953125 0.30859375 0.0703125 0.15234375
1 0.796875 0.11796875 0.0578125 0.1703125
1 0.58515625 0.12421875 0.04765625 0.1234375
1 0.634375 0.275 0.0625 0.1640625
1 0.39609375 0.26328125 0.0734375 0.15859375
1 0.128125 0.290625 0.09140625 0.1953125
1 0.0296875 0.43359375 0.059375 0.2921875
1 0.21953125 0.11875 0.0953125 0.13515625
1 0.2890625 0.03046875 0.07890625 0.0609375
1 0.5171875 0.028125 0.071875 0.05625
1 0.6015625 0.025 0.059375 0.05
1 0.73125 0.04375 0.05390625 0.08671875
1 0.246875 0.91484375 0.2171875 0.1703125