1 0.4359375 0.19140625 0.0546875 0.09609375
1 0.47734375 0.221875 0.04765625 0.084375
1 0.5609375 0.215625 0.04375 0.0734375
1 0.640625 0.18984375 0.0359375 0.05390625
1 0.67890625 0.215625 0.04765625 0.12578125
1 0.59375 0.2609375 0.0671875 0.1
1 0.73671875 0.28046875 0.06015625 0.059375
1 0.86171875 0.37578125 0.08984375 0.11796875
1 0.37578125 0.25234375 0.0859375 0.07578125
1 0.3265625 0.16640625 0.03984375 0.06953125
1 0.2734375 0.21640625 0.05625 0.06328125
1 0.25 0.26953125 0.053125 0.05546875
1 0.35859375 0.3640625 0.09140625 0.140625
1 0.33125 0.49921875 0.1671875 0.190625
1 0.1546875 0.31015625 0.06953125 0.09296875