1 0.31875 0.665625 0.33671875 0.6625
1 0.85 0.36015625 0.0890625 0.08359375
1 0.38828125 0.525 0.16640625 0.440625
1 0.47578125 0.3203125 0.08359375 0.28203125
1 0.13828125 0.3265625 0.08671875 0.09921875
1 0.7265625 0.275 0.053125 0.05546875
1 0.425 0.234375 0.0640625 0.14921875
1 0.59296875 0.2640625 0.05546875 0.06796875
1 0.66484375 0.209375 0.05546875 0.084375
1 0.32421875 0.20546875 0.040625 0.1703125
1 0.5609375 0.40703125 0.12109375 0.35390625
1 0.36875 0.26484375 0.0609375 0.0640625
1 0.78046875 0.19609375 0.03125 0.103125
1 0.6984375 0.32734375 0.10859375 0.16171875
1 0.52265625 0.33125 0.07890625 0.284375
1 0.53828125 0.2296875 0.046875 0.08125
1 0.29375 0.2203125 0.04453125 0.05390625
1 0.29921875 0.2421875 0.05703125 0.0984375
1 0.3953125 0.38359375 0.1140625 0.30625
1 0.80703125 0.43359375 0.17578125 0.23359375
1 0.43828125 0.30078125 0.09296875 0.28125