1 0.4328125 0.4015625 0.27734375 0.790625
1 0.72890625 0.396875 0.1671875 0.18515625
1 0.85 0.19921875 0.0546875 0.1234375
1 0.7828125 0.1328125 0.0875 0.06328125
1 0.69921875 0.1296875 0.06328125 0.04765625
1 0.6515625 0.18046875 0.08359375 0.06953125
1 0.69375 0.23359375 0.06484375 0.09453125
1 0.96484375 0.48828125 0.0703125 0.33203125
1 0.5515625 0.09375 0.0921875 0.1875
1 0.26953125 0.18203125 0.06328125 0.08046875
1 0.178125 0.2328125 0.13671875 0.12734375
1 0.23203125 0.38828125 0.1375 0.221875
1 0.03984375 0.47265625 0.0796875 0.2078125