1 0.33359375 0.121875 0.06015625 0.084375
1 0.39609375 0.240625 0.03984375 0.05546875
1 0.36484375 0.28203125 0.06640625 0.0640625
1 0.37109375 0.346875 0.09453125 0.1046875
1 0.28046875 0.23203125 0.05390625 0.05390625
1 0.25859375 0.27734375 0.046875 0.034375
1 0.1484375 0.3328125 0.09296875 0.0671875
1 0.203125 0.4421875 0.16015625 0.15625
1 0.21328125 0.915625 0.27890625 0.16796875
1 0.49921875 0.2484375 0.0625 0.121875
1 0.42421875 0.209375 0.0546875 0.075
1 0.56015625 0.228125 0.03984375 0.059375
1 0.5390625 0.21875 0.03125 0.0328125
1 0.5734375 0.27734375 0.0640625 0.09296875
1 0.646875 0.21875 0.02734375 0.03828125
1 0.6734375 0.2140625 0.0421875 0.13125
1 0.7328125 0.29140625 0.0421875 0.06328125
1 0.83203125 0.38359375 0.0828125 0.1
1 0.98515625 0.5453125 0.0296875 0.125