1 0.5828125 0.37890625 0.0546875 0.08515625
1 0.34765625 0.43125 0.0765625 0.11875
1 0.6890625 0.3171875 0.0515625 0.08984375
1 0.5765625 0.321875 0.0546875 0.065625
1 0.73828125 0.37421875 0.05390625 0.0734375
1 0.4015625 0.35859375 0.0546875 0.07265625
1 0.8078125 0.4828125 0.096875 0.10703125
1 0.025 0.5578125 0.05 0.2140625
1 0.4140625 0.33125 0.03359375 0.03671875
1 0.31015625 0.3171875 0.04453125 0.05078125
1 0.140625 0.475 0.14375 0.18828125
1 0.26875 0.3625 0.046875 0.03046875
1 0.16328125 0.38203125 0.06328125 0.03515625
1 0.4171875 0.1484375 0.04140625 0.06484375
1 0.35 0.84765625 0.246875 0.29140625
1 0.9890625 0.62265625 0.02109375 0.140625