1 0.63671875 0.66328125 0.234375 0.6671875
1 0.08515625 0.36875 0.1703125 0.44375
1 0.2171875 0.6296875 0.2984375 0.73359375
1 0.3 0.3546875 0.1640625 0.58828125
1 0.13203125 0.14453125 0.1359375 0.2890625
1 0.65078125 0.14140625 0.0875 0.2828125
1 0.71875 0.2765625 0.13984375 0.3328125
1 0.81953125 0.13984375 0.109375 0.2796875
1 0.5375 0.53359375 0.1796875 0.9109375
1 0.48828125 0.175 0.1296875 0.35
1 0.48515625 0.37578125 0.14296875 0.74921875
1 0.49921875 0.4984375 0.99453125 0.9953125
1 0.41328125 0.0671875 0.10703125 0.134375
1 0.171875 0.88984375 0.24609375 0.215625
1 0.41328125 0.18046875 0.10625 0.3609375
1 0.78671875 0.57890625 0.425 0.6578125