1 0.36953125 0.12421875 0.05859375 0.0984375
1 0.39609375 0.1515625 0.0390625 0.05625
1 0.43125 0.24765625 0.04375 0.1484375
1 0.5 0.27734375 0.06328125 0.19140625
1 0.55 0.2203125 0.01953125 0.034375
1 0.5734375 0.22890625 0.0375 0.075
1 0.57265625 0.27578125 0.0546875 0.06796875
1 0.63984375 0.215625 0.0234375 0.03046875
1 0.66875 0.225 0.03828125 0.08828125
1 0.74453125 0.29921875 0.08515625 0.0734375
1 0.85078125 0.37265625 0.109375 0.09453125
1 0.97109375 0.4625 0.05703125 0.1984375
1 0.37421875 0.25390625 0.04453125 0.059375
1 0.36328125 0.37734375 0.09921875 0.121875
1 0.3828125 0.309375 0.10390625 0.075
1 0.246875 0.45625 0.1234375 0.23203125
1 0.1484375 0.334375 0.0640625 0.10390625
1 0.24765625 0.28671875 0.025 0.03828125
1 0.29375 0.228125 0.053125 0.0828125
1 0.3578125 0.89140625 0.35625 0.2171875