1 0.2578125 0.49453125 0.1484375 0.17890625
1 0.1875 0.30234375 0.0890625 0.12109375
1 0.315625 0.3734375 0.09296875 0.09296875
1 0.8046875 0.35546875 0.06953125 0.0765625
1 0.7203125 0.27265625 0.05 0.084375
1 0.65078125 0.28515625 0.0359375 0.0859375
1 0.67578125 0.21328125 0.05234375 0.08984375
1 0.53515625 0.221875 0.03125 0.065625
1 0.575 0.0921875 0.04765625 0.0921875
1 0.4640625 0.21640625 0.04375 0.05
1 0.40546875 0.20859375 0.03671875 0.05390625
1 0.37265625 0.13984375 0.04765625 0.0671875
1 0.32265625 0.16640625 0.04921875 0.065625
1 0.36328125 0.2671875 0.06015625 0.06953125
1 0.28671875 0.221875 0.078125 0.05703125
1 0.26640625 0.2734375 0.06875 0.06015625