1 0.33671875 0.6296875 0.32578125 0.734375
1 0.68125 0.184375 0.05234375 0.084375
1 0.3359375 0.1796875 0.0546875 0.1625
1 0.55 0.35546875 0.1171875 0.3390625
1 0.14609375 0.3015625 0.08125 0.0890625
1 0.42578125 0.5171875 0.10546875 0.42265625
1 0.73046875 0.25078125 0.05390625 0.053125
1 0.8625 0.34921875 0.08203125 0.0609375
1 0.50625 0.14765625 0.0328125 0.06875
1 0.909375 0.31953125 0.0640625 0.1375
1 0.4859375 0.24921875 0.06640625 0.1703125
1 0.57890625 0.2296875 0.05703125 0.0890625
1 0.2890625 0.19453125 0.0453125 0.05390625
1 0.8109375 0.42109375 0.18671875 0.20703125
1 0.371875 0.2390625 0.0609375 0.05390625