1 0.20390625 0.07734375 0.0875 0.11796875
1 0.3640625 0.20234375 0.1078125 0.19765625
1 0.3328125 0.49140625 0.12421875 0.31640625
1 0.24453125 0.91484375 0.2234375 0.1703125
1 0.76796875 0.51640625 0.13359375 0.2671875
1 0.975 0.4875 0.05 0.2625
1 0.8640625 0.2796875 0.08671875 0.20546875
1 0.653125 0.2484375 0.0859375 0.19921875
1 0.784375 0.109375 0.0875 0.16328125
1 0.63125 0.103125 0.07734375 0.1546875
1 0.74296875 0.0546875 0.0828125 0.109375
1 0.58046875 0.04609375 0.10703125 0.0921875
1 0.13671875 0.2453125 0.0984375 0.203125