1 0.70859375 0.68984375 0.24453125 0.61484375
1 0.32265625 0.6578125 0.28515625 0.67734375
1 0.90390625 0.6609375 0.190625 0.67265625
1 0.365625 0.38984375 0.21015625 0.5484375
1 0.140625 0.42265625 0.2 0.49375
1 0.79140625 0.40390625 0.1453125 0.46796875
1 0.08984375 0.6359375 0.1796875 0.721875
1 0.2140625 0.17265625 0.1203125 0.296875
1 0.728125 0.18046875 0.10078125 0.3328125
1 0.5515625 0.38046875 0.15625 0.7203125
1 0.2328125 0.91875 0.21640625 0.1578125
1 0.678125 0.0703125 0.0875 0.140625
1 0.62109375 0.565625 0.17578125 0.86015625
1 0.13046875 0.084375 0.06171875 0.16875
1 0.5390625 0.11796875 0.11328125 0.2359375
1 0.49921875 0.49921875 0.99453125 0.99453125