1 0.728125 0.69453125 0.24921875 0.60546875
1 0.32421875 0.6546875 0.29296875 0.6859375
1 0.3703125 0.39453125 0.18203125 0.55390625
1 0.16640625 0.4015625 0.1890625 0.4640625
1 0.9140625 0.67421875 0.16953125 0.64609375
1 0.2265625 0.165625 0.16875 0.33125
1 0.825 0.33125 0.1546875 0.265625
1 0.7515625 0.18046875 0.1046875 0.3328125
1 0.6984375 0.06875 0.0875 0.13671875
1 0.63515625 0.56328125 0.18359375 0.8640625
1 0.0953125 0.6171875 0.18984375 0.76015625
1 0.09765625 0.103125 0.14140625 0.20625
1 0.24609375 0.9125 0.20859375 0.171875
1 0.56640625 0.30546875 0.17109375 0.57109375
1 0.57109375 0.1015625 0.12109375 0.203125
1 0.49921875 0.49921875 0.99453125 0.9953125