1 0.4015625 0.271875 0.05 0.09453125
1 0.4578125 0.2921875 0.05390625 0.07734375
1 0.565625 0.346875 0.0625 0.084375
1 0.64609375 0.33828125 0.05625 0.05625
1 0.57109375 0.39765625 0.06328125 0.08671875
1 0.6734375 0.32265625 0.053125 0.0640625
1 0.75625 0.39765625 0.06796875 0.04765625
1 0.82265625 0.4796875 0.07578125 0.07734375
1 0.97578125 0.60625 0.0484375 0.18359375
1 0.32890625 0.28359375 0.07421875 0.11015625
1 0.3140625 0.35390625 0.065625 0.0828125
1 0.40625 0.359375 0.0546875 0.0515625
1 0.39453125 0.396875 0.06328125 0.06015625
1 0.346875 0.465625 0.0859375 0.10390625
1 0.24609375 0.4046875 0.04921875 0.05234375
1 0.1296875 0.42578125 0.0625 0.065625
1 0.203125 0.56640625 0.17109375 0.20625
1 0.2390625 0.915625 0.20703125 0.16796875