1 0.31015625 0.6734375 0.359375 0.64765625
1 0.134375 0.325 0.1046875 0.1
1 0.4578125 0.50546875 0.16640625 0.5109375
1 0.78984375 0.4078125 0.159375 0.140625
1 0.2921875 0.2421875 0.06484375 0.096875
1 0.3234375 0.2 0.0390625 0.14453125
1 0.72578125 0.275 0.05390625 0.05859375
1 0.5640625 0.25859375 0.0546875 0.08671875
1 0.5 0.2515625 0.1171875 0.13203125
1 0.67265625 0.2125 0.04921875 0.084375
1 0.89609375 0.1859375 0.03515625 0.11953125
1 0.4171875 0.21796875 0.0671875 0.0875
1 0.93515625 0.1734375 0.025 0.11015625
1 0.3515625 0.26875 0.05859375 0.05390625