1 0.38046875 0.17578125 0.0640625 0.1
1 0.44453125 0.225 0.028125 0.05625
1 0.5046875 0.2484375 0.03515625 0.04453125
1 0.5828125 0.26328125 0.0453125 0.04609375
1 0.6859375 0.28359375 0.0625 0.1078125
1 0.66875 0.27265625 0.03515625 0.04296875
1 0.5734375 0.33046875 0.053125 0.09609375
1 0.7640625 0.33125 0.05703125 0.059375
1 0.7859375 0.4421875 0.05390625 0.11015625
1 0.990625 0.56640625 0.01796875 0.11484375
1 0.40390625 0.28359375 0.04140625 0.0421875
1 0.38828125 0.3234375 0.03984375 0.06171875
1 0.35703125 0.2734375 0.0390625 0.05234375
1 0.3046875 0.2734375 0.05078125 0.06015625
1 0.36796875 0.403125 0.07734375 0.115625
1 0.16015625 0.36640625 0.0890625 0.0921875
1 0.221875 0.4625 0.1234375 0.1828125
1 0.26171875 0.321875 0.05390625 0.065625
1 0.35546875 0.8546875 0.33359375 0.290625
1 0.01875 0.5 0.0375 0.29375