1 0.37890625 0.28515625 0.1171875 0.21796875
1 0.30625 0.86796875 0.26015625 0.2609375
1 0.403125 0.62578125 0.165625 0.4796875
1 0.1578125 0.4203125 0.09296875 0.09765625
1 0.78828125 0.55234375 0.11328125 0.23125
1 0.16328125 0.71171875 0.31171875 0.571875
1 0.74296875 0.38984375 0.05546875 0.06171875
1 0.6875 0.32890625 0.05390625 0.08984375
1 0.56875 0.515625 0.10625 0.34921875
1 0.28984375 0.3328125 0.04296875 0.04375
1 0.2140625 0.5359375 0.159375 0.20859375
1 0.44921875 0.36640625 0.0671875 0.171875
1 0.79609375 0.49609375 0.096875 0.11953125
1 0.50078125 0.44140625 0.07578125 0.3375
1 0.39140625 0.3734375 0.05859375 0.065625
1 0.415625 0.4859375 0.10625 0.2875
1 0.26015625 0.375 0.053125 0.02734375
1 0.67890625 0.3484375 0.07890625 0.1296875