1 0.38671875 0.52265625 0.171875 0.4375
1 0.1328125 0.31953125 0.08515625 0.09296875
1 0.84921875 0.3546875 0.08671875 0.08125
1 0.31015625 0.66796875 0.36640625 0.6578125
1 0.43125 0.1921875 0.05859375 0.13359375
1 0.67265625 0.2046875 0.04765625 0.08359375
1 0.4359375 0.38984375 0.0640625 0.28125
1 0.48515625 0.29765625 0.06796875 0.32265625
1 0.5484375 0.39765625 0.08515625 0.3578125
1 0.32734375 0.2046875 0.05234375 0.1609375
1 0.71484375 0.26796875 0.05234375 0.059375
1 0.5203125 0.325 0.08046875 0.28125
1 0.275 0.2203125 0.04609375 0.046875
1 0.78125 0.19453125 0.02890625 0.0828125
1 0.80546875 0.42890625 0.175 0.23125
1 0.56328125 0.25859375 0.05546875 0.07890625
1 0.6921875 0.32109375 0.09609375 0.165625