1 0.38359375 0.15390625 0.20859375 0.29921875
1 0.0421875 0.51953125 0.08359375 0.29609375
1 0.64140625 0.26640625 0.07265625 0.1203125
1 0.22578125 0.4171875 0.13671875 0.19140625
1 0.5234375 0.94375 0.2453125 0.10546875
1 0.74296875 0.16796875 0.06328125 0.065625
1 0.16953125 0.28203125 0.10546875 0.15234375
1 0.73515625 0.22578125 0.115625 0.17578125
1 0.83984375 0.24296875 0.0703125 0.109375
1 0.24921875 0.2046875 0.05625 0.08125
1 0.7703125 0.3609375 0.14453125 0.19296875
1 0.66640625 0.178125 0.04453125 0.07421875
1 0.61796875 0.3921875 0.1234375 0.36484375
1 0.590625 0.034375 0.034375 0.06875