1 0.425 0.175 0.040625 0.06328125
1 0.484375 0.22421875 0.0546875 0.09453125
1 0.54921875 0.21171875 0.0359375 0.05625
1 0.653125 0.20546875 0.034375 0.04609375
1 0.6796875 0.20390625 0.034375 0.08828125
1 0.584375 0.26640625 0.05 0.065625
1 0.72265625 0.271875 0.059375 0.06015625
1 0.75625 0.33359375 0.08515625 0.1421875
1 0.38046875 0.23984375 0.03359375 0.040625
1 0.365625 0.2734375 0.05703125 0.06796875
1 0.33125 0.33515625 0.0703125 0.08046875
1 0.2390625 0.446875 0.11015625 0.16640625
1 0.25859375 0.25703125 0.05234375 0.06796875
1 0.26796875 0.2078125 0.0546875 0.05546875
1 0.1265625 0.31875 0.103125 0.075
1 0.3203125 0.17421875 0.05859375 0.090625