1 0.42734375 0.17890625 0.2234375 0.3578125
1 0.590625 0.06171875 0.12109375 0.1234375
1 0.75390625 0.16953125 0.08984375 0.1078125
1 0.65 0.25703125 0.0703125 0.15859375
1 0.86015625 0.23984375 0.103125 0.12734375
1 0.80234375 0.36015625 0.16328125 0.2046875
1 0.96484375 0.41640625 0.0703125 0.2828125
1 0.2671875 0.2109375 0.06640625 0.071875
1 0.28828125 0.15859375 0.03671875 0.0640625
1 0.14375 0.28671875 0.0953125 0.14296875
1 0.26875 0.4359375 0.13203125 0.2203125
1 0.0359375 0.48984375 0.071875 0.17890625
1 0.4765625 0.90625 0.19140625 0.1875
1 0.89296875 0.84609375 0.21328125 0.3078125