1 0.39140625 0.15859375 0.04609375 0.071875
1 0.32734375 0.22578125 0.028125 0.05234375
1 0.315625 0.27109375 0.05546875 0.06953125
1 0.1765625 0.36484375 0.0640625 0.10234375
1 0.25078125 0.3203125 0.0515625 0.04765625
1 0.32109375 0.42265625 0.07265625 0.0890625
1 0.2203125 0.53515625 0.16015625 0.1875
1 0.01484375 0.52421875 0.02890625 0.10859375
1 0.33359375 0.87421875 0.39375 0.2515625
1 0.7875 0.43515625 0.1171875 0.1328125
1 0.971875 0.540625 0.05625 0.23125
1 0.67265625 0.259375 0.0375 0.08828125
1 0.64453125 0.25703125 0.03203125 0.065625
1 0.5625 0.28515625 0.0609375 0.08125
1 0.55546875 0.34921875 0.08203125 0.1078125
1 0.74609375 0.353125 0.0953125 0.08671875
1 0.46953125 0.32109375 0.0703125 0.22734375