1 0.38125 0.50703125 0.20625 0.43125
1 0.478125 0.290625 0.07890625 0.2671875
1 0.28828125 0.659375 0.35703125 0.67578125
1 0.125 0.315625 0.08515625 0.0796875
1 0.65 0.21015625 0.10234375 0.14140625
1 0.42890625 0.246875 0.06875 0.21171875
1 0.5421875 0.3765625 0.1296875 0.35078125
1 0.35625 0.2484375 0.05703125 0.06171875
1 0.32265625 0.33984375 0.08828125 0.0953125
1 0.2765625 0.21171875 0.0453125 0.0453125
1 0.7296875 0.26328125 0.053125 0.0484375
1 0.24375 0.25859375 0.04296875 0.02578125
1 0.390625 0.33984375 0.12734375 0.24453125
1 0.80625 0.43046875 0.18359375 0.209375
1 0.85703125 0.35703125 0.08203125 0.06328125
1 0.6703125 0.1890625 0.06171875 0.096875
1 0.5578125 0.21015625 0.04375 0.0609375