1 0.1375 0.3453125 0.08984375 0.096875
1 0.25703125 0.45859375 0.17734375 0.23515625
1 0.3421875 0.36875 0.0640625 0.13046875
1 0.84296875 0.3953125 0.09921875 0.10078125
1 0.73125 0.29453125 0.08515625 0.09609375
1 0.575 0.275 0.08046875 0.0984375
1 0.38359375 0.28671875 0.08203125 0.0859375
1 0.2453125 0.2875 0.05546875 0.059375
1 0.2734375 0.23984375 0.0578125 0.05546875
1 0.3296875 0.18125 0.04765625 0.109375
1 0.39453125 0.25078125 0.04140625 0.059375
1 0.378125 0.13671875 0.03046875 0.08828125
1 0.4140625 0.19375 0.03984375 0.06953125
1 0.4671875 0.21875 0.0390625 0.0921875
1 0.57421875 0.1203125 0.03671875 0.05078125
1 0.54765625 0.2328125 0.0515625 0.06875
1 0.68046875 0.22265625 0.059375 0.08125
1 0.646875 0.21171875 0.03515625 0.0453125