1 0.32734375 0.66484375 0.33359375 0.665625
1 0.38671875 0.52578125 0.19765625 0.4703125
1 0.1375 0.325 0.08515625 0.09375
1 0.79296875 0.43671875 0.16640625 0.2125
1 0.48046875 0.30546875 0.07421875 0.2765625
1 0.53203125 0.3859375 0.09609375 0.34921875
1 0.43046875 0.22109375 0.05234375 0.16484375
1 0.85703125 0.1703125 0.028125 0.1265625
1 0.303125 0.2375 0.07734375 0.090625
1 0.1671875 0.24296875 0.0390625 0.0875
1 0.2859375 0.21875 0.04296875 0.0515625
1 0.35859375 0.26171875 0.059375 0.059375
1 0.67265625 0.20625 0.05 0.08359375
1 0.21796875 0.24140625 0.02265625 0.06953125
1 0.36796875 0.17265625 0.05546875 0.14375
1 0.83046875 0.3640625 0.090625 0.0671875
1 0.2390625 0.26796875 0.0453125 0.025
1 0.66484375 0.25859375 0.07890625 0.18828125
1 0.38828125 0.36875 0.12109375 0.271875
1 0.85859375 0.4140625 0.1484375 0.16640625