1 0.37421875 0.18671875 0.20625 0.35
1 0.071875 0.71171875 0.14296875 0.54140625
1 0.86015625 0.27734375 0.08359375 0.090625
1 0.22578125 0.4671875 0.140625 0.20546875
1 0.60859375 0.20703125 0.05078125 0.1234375
1 0.0375 0.559375 0.07421875 0.22109375
1 0.6578125 0.46640625 0.12890625 0.21953125
1 0.75859375 0.2796875 0.0953125 0.0828125
1 0.67265625 0.3234375 0.06875 0.10625
1 0.8484375 0.6421875 0.2984375 0.67578125
1 0.6828125 0.1984375 0.046875 0.0578125
1 0.7578125 0.21640625 0.07109375 0.065625
1 0.18125 0.33828125 0.0984375 0.125