1 0.32265625 0.659375 0.29296875 0.67578125
1 0.4796875 0.265625 0.07421875 0.24609375
1 0.14140625 0.3078125 0.08515625 0.0953125
1 0.38828125 0.521875 0.18828125 0.49453125
1 0.5453125 0.36640625 0.12578125 0.346875
1 0.65078125 0.2015625 0.1 0.13984375
1 0.77578125 0.4203125 0.12265625 0.209375
1 0.32734375 0.18046875 0.05234375 0.1703125
1 0.72265625 0.24921875 0.05234375 0.05625
1 0.69609375 0.303125 0.10546875 0.16328125
1 0.2796875 0.196875 0.04453125 0.04765625
1 0.796875 0.35234375 0.08203125 0.07421875
1 0.4 0.35703125 0.10546875 0.29296875
1 0.38671875 0.12890625 0.02734375 0.10390625