1 0.36875 0.1484375 0.075 0.1078125
1 0.3046875 0.26015625 0.05625 0.084375
1 0.39609375 0.253125 0.0390625 0.04296875
1 0.390625 0.303125 0.05859375 0.08125
1 0.36875 0.36640625 0.08359375 0.12109375
1 0.2453125 0.3078125 0.078125 0.071875
1 0.125 0.3625 0.14375 0.15234375
1 0.20703125 0.4703125 0.17578125 0.2703125
1 0.36171875 0.81953125 0.29140625 0.3609375
1 0.5859375 0.2703125 0.08359375 0.13671875
1 0.57578125 0.2984375 0.06875 0.0828125
1 0.678125 0.2359375 0.0546875 0.0828125
1 0.74453125 0.31640625 0.0609375 0.09453125
1 0.79375 0.38984375 0.0625 0.1234375