1 0.33984375 0.6765625 0.30390625 0.640625
1 0.33046875 0.225 0.05390625 0.16796875
1 0.4796875 0.29765625 0.0796875 0.246875
1 0.14453125 0.27421875 0.04296875 0.09921875
1 0.6625 0.22734375 0.0546875 0.08671875
1 0.1375 0.3484375 0.0828125 0.0875
1 0.39375 0.5484375 0.17890625 0.45625
1 0.7109375 0.28671875 0.05390625 0.06796875
1 0.5484375 0.41328125 0.11328125 0.353125
1 0.4265625 0.23984375 0.0671875 0.146875
1 0.9140625 0.23828125 0.0390625 0.10625
1 0.69296875 0.40859375 0.0921875 0.31171875
1 0.83984375 0.38828125 0.08203125 0.06171875
1 0.80703125 0.16015625 0.0328125 0.1
1 0.5015625 0.17578125 0.02734375 0.0890625
1 0.2703125 0.246875 0.04296875 0.03984375
1 0.79921875 0.4625 0.16484375 0.209375