1 0.84921875 0.53125 0.134375 0.296875
1 0.2921875 0.9015625 0.23828125 0.19609375
1 0.36875 0.45859375 0.10546875 0.30625
1 0.08203125 0.3703125 0.16015625 0.309375
1 0.19375 0.27421875 0.13046875 0.2015625
1 0.44296875 0.2109375 0.078125 0.2078125
1 0.7046875 0.23203125 0.06953125 0.19765625
1 0.90234375 0.27890625 0.10078125 0.196875
1 0.83828125 0.09765625 0.06875 0.14609375
1 0.659375 0.09375 0.07421875 0.13515625
1 0.29140625 0.09296875 0.0796875 0.16328125
1 0.78515625 0.02109375 0.03671875 0.0421875
1 0.33984375 0.01484375 0.0484375 0.02578125
1 0.6515625 0.01015625 0.028125 0.01953125