1 0.29765625 0.659375 0.33828125 0.6765625
1 0.38984375 0.50703125 0.19140625 0.42578125
1 0.12578125 0.315625 0.084375 0.08203125
1 0.65 0.2109375 0.10234375 0.1421875
1 0.42734375 0.2171875 0.06875 0.1546875
1 0.27421875 0.2125 0.0421875 0.04296875
1 0.73046875 0.26328125 0.053125 0.05078125
1 0.478125 0.29296875 0.0796875 0.2671875
1 0.38828125 0.2203125 0.0375 0.03828125
1 0.8078125 0.43359375 0.1859375 0.20859375
1 0.54453125 0.378125 0.13203125 0.35
1 0.3953125 0.3578125 0.1203125 0.26953125
1 0.2421875 0.259375 0.03984375 0.02421875
1 0.86015625 0.36015625 0.08125 0.0609375