1 0.38359375 0.21328125 0.05390625 0.10390625
1 0.39375 0.33125 0.040625 0.0421875
1 0.3890625 0.3890625 0.09296875 0.10078125
1 0.2953125 0.3390625 0.04921875 0.05625
1 0.3484375 0.45703125 0.0546875 0.0921875
1 0.2484375 0.3875 0.0625 0.08125
1 0.1921875 0.52734375 0.096875 0.190625
1 0.15 0.41328125 0.07421875 0.0671875
1 0.03046875 0.58984375 0.0609375 0.1375
1 0.21875 0.93046875 0.25390625 0.13828125
1 0.54140625 0.3265625 0.04375 0.04453125
1 0.56875 0.340625 0.0515625 0.07734375
1 0.59765625 0.375 0.04296875 0.08046875
1 0.653125 0.30390625 0.01875 0.03828125
1 0.6859375 0.3234375 0.05234375 0.08046875
1 0.73828125 0.39296875 0.05703125 0.06171875
1 0.88125 0.48828125 0.09296875 0.1046875
1 0.46484375 0.3515625 0.07265625 0.22421875