1 0.3203125 0.65859375 0.35859375 0.67734375
1 0.3359375 0.1828125 0.06015625 0.16015625
1 0.1484375 0.303125 0.0828125 0.08671875
1 0.42578125 0.5171875 0.1046875 0.41875
1 0.54609375 0.3609375 0.12578125 0.34765625
1 0.68203125 0.18671875 0.0515625 0.0828125
1 0.72890625 0.253125 0.053125 0.0515625
1 0.48671875 0.22890625 0.06328125 0.1265625
1 0.52109375 0.15234375 0.0328125 0.06171875
1 0.578125 0.23125 0.06015625 0.0875
1 0.4296875 0.221875 0.06015625 0.17265625
1 0.30546875 0.21796875 0.05625 0.09296875
1 0.8109375 0.42265625 0.18828125 0.2046875
1 0.29921875 0.19765625 0.04453125 0.053125
1 0.44609375 0.13359375 0.028125 0.04765625
1 0.37265625 0.240625 0.06015625 0.053125
1 0.86328125 0.35078125 0.08125 0.059375