1 0.7609375 0.3890625 0.32265625 0.72578125
1 0.9390625 0.71015625 0.121875 0.4515625
1 0.46640625 0.228125 0.07734375 0.221875
1 0.3796875 0.15 0.0625 0.1375
1 0.44609375 0.12421875 0.071875 0.1875
1 0.35546875 0.571875 0.0640625 0.15625
1 0.2734375 0.86875 0.1328125 0.2453125
1 0.03046875 0.8859375 0.06015625 0.228125
1 0.0984375 0.6 0.11640625 0.21796875
1 0.24765625 0.35390625 0.05234375 0.12734375
1 0.3703125 0.25 0.04765625 0.11171875
1 0.32265625 0.2 0.06328125 0.1328125
1 0.325 0.1 0.0515625 0.0578125
1 0.5703125 0.10546875 0.034375 0.071875