1 0.34765625 0.1578125 0.05546875 0.10234375
1 0.43046875 0.25390625 0.0515625 0.12734375
1 0.38671875 0.2859375 0.0375 0.05
1 0.39375 0.3125 0.0828125 0.065625
1 0.28984375 0.26875 0.0484375 0.05625
1 0.24765625 0.31015625 0.0609375 0.05234375
1 0.34296875 0.38359375 0.05234375 0.0890625
1 0.2109375 0.49140625 0.1515625 0.165625
1 0.15859375 0.371875 0.109375 0.1421875
1 0.3046875 0.84140625 0.36328125 0.3171875
1 0.821875 0.4234375 0.1078125 0.09609375
1 0.72890625 0.325 0.0515625 0.0828125
1 0.6859375 0.2421875 0.05390625 0.09296875
1 0.6609375 0.2609375 0.04140625 0.05625
1 0.56796875 0.2734375 0.0453125 0.084375
1 0.565625 0.34765625 0.06484375 0.10390625
1 0.978125 0.628125 0.04296875 0.30625