1 0.8203125 0.4203125 0.2875 0.7171875
1 0.56171875 0.2484375 0.0890625 0.1796875
1 0.56328125 0.071875 0.065625 0.07578125
1 0.484375 0.1375 0.0296875 0.0484375
1 0.42578125 0.06640625 0.0171875 0.01953125
1 0.49296875 0.09453125 0.025 0.034375
1 0.4703125 0.20234375 0.0546875 0.11328125
1 0.40625 0.1421875 0.0671875 0.09296875
1 0.346875 0.28828125 0.05703125 0.1296875
1 0.4453125 0.340625 0.08203125 0.11953125
1 0.1984375 0.4625 0.11640625 0.140625
1 0.409375 0.51328125 0.05703125 0.16015625
1 0.334375 0.79453125 0.175 0.2890625
1 0.0890625 0.765625 0.16171875 0.19453125