1 0.18671875 0.08046875 0.09140625 0.13828125
1 0.36328125 0.20234375 0.115625 0.23515625
1 0.10625 0.2640625 0.10703125 0.225
1 0.2703125 0.5375 0.1609375 0.28046875
1 0.01953125 0.428125 0.0390625 0.234375
1 0.5453125 0.16015625 0.08046875 0.1546875
1 0.65078125 0.23828125 0.096875 0.175
1 0.7625 0.09921875 0.0765625 0.15703125
1 0.84296875 0.29453125 0.09375 0.1984375
1 0.73671875 0.5703125 0.1171875 0.2796875
1 0.96484375 0.4984375 0.06953125 0.25234375
1 0.18125 0.915625 0.2359375 0.16796875
1 0.5875 0.01953125 0.05625 0.0390625
1 0.7078125 0.01484375 0.071875 0.0296875