1 0.39765625 0.465625 0.0734375 0.209375
1 0.2 0.25625 0.09765625 0.16171875
1 0.059375 0.475 0.11875 0.3234375
1 0.25546875 0.9 0.178125 0.2
1 0.7953125 0.55546875 0.09375 0.2140625
1 0.70703125 0.28125 0.04921875 0.15234375
1 0.89765625 0.30703125 0.08671875 0.15859375
1 0.8203125 0.128125 0.04453125 0.13515625
1 0.6546875 0.1109375 0.06953125 0.125
1 0.5765625 0.0359375 0.04921875 0.071875
1 0.2984375 0.1453125 0.0734375 0.0921875
1 0.44453125 0.2546875 0.0875 0.190625
1 0.32734375 0.03203125 0.0765625 0.0640625
1 0.64609375 0.02421875 0.0625 0.0484375
1 0.7859375 0.04140625 0.0671875 0.0828125