1 0.834375 0.415625 0.08203125 0.0625
1 0.12890625 0.375 0.084375 0.08828125
1 0.47890625 0.3171875 0.07734375 0.203125
1 0.39453125 0.58046875 0.18203125 0.46015625
1 0.33125 0.6859375 0.32578125 0.621875
1 0.42734375 0.2703125 0.07109375 0.14140625
1 0.66171875 0.2546875 0.05390625 0.08515625
1 0.33046875 0.25625 0.05234375 0.16171875
1 0.2421875 0.49609375 0.14765625 0.24140625
1 0.27890625 0.271875 0.04296875 0.0453125
1 0.721875 0.3140625 0.05390625 0.0671875
1 0.534375 0.4453125 0.10390625 0.36328125
1 0.69609375 0.36640625 0.10546875 0.17265625
1 0.79609375 0.4890625 0.159375 0.21171875
1 0.37421875 0.31171875 0.05859375 0.0578125
1 0.7984375 0.346875 0.04921875 0.1453125
1 0.23984375 0.31171875 0.046875 0.03671875
1 0.38984375 0.28203125 0.04140625 0.0375
1 0.39921875 0.45390625 0.11015625 0.34375