1 0.1859375 0.0828125 0.103125 0.11328125
1 0.3546875 0.19609375 0.103125 0.19296875
1 0.54453125 0.146875 0.07265625 0.13828125
1 0.65625 0.23671875 0.10234375 0.196875
1 0.76875 0.09765625 0.0796875 0.15390625
1 0.83984375 0.28515625 0.0984375 0.1765625
1 0.7265625 0.53984375 0.1546875 0.25546875
1 0.96328125 0.49140625 0.07265625 0.30859375
1 0.2890625 0.4484375 0.140625 0.296875
1 0.0890625 0.2734375 0.0921875 0.18515625
1 0.58828125 0.02265625 0.0515625 0.03671875
1 0.71953125 0.02421875 0.06015625 0.04765625
1 0.02421875 0.46953125 0.0484375 0.2734375
1 0.203125 0.91015625 0.2515625 0.1796875