1 0.359375 0.10078125 0.09140625 0.1140625
1 0.50390625 0.22421875 0.06953125 0.1046875
1 0.45390625 0.215625 0.05859375 0.08125
1 0.14921875 0.34609375 0.1109375 0.10390625
1 0.3546875 0.43828125 0.14375 0.2484375
1 0.35546875 0.87578125 0.21015625 0.2484375
1 0.80234375 0.396875 0.071875 0.1046875
1 0.74765625 0.2828125 0.0453125 0.0640625
1 0.6859375 0.21015625 0.0734375 0.0890625
1 0.58515625 0.240625 0.0703125 0.1234375
1 0.65078125 0.34609375 0.05859375 0.05390625
1 0.98046875 0.51875 0.0390625 0.125