1 0.42265625 0.14921875 0.06171875 0.140625
1 0.40390625 0.28984375 0.05859375 0.0515625
1 0.390625 0.3390625 0.0484375 0.0515625
1 0.36015625 0.453125 0.0984375 0.1234375
1 0.30234375 0.30078125 0.05625 0.06796875
1 0.325 0.2375 0.040625 0.04453125
1 0.2546875 0.3421875 0.03515625 0.06953125
1 0.1359375 0.38359375 0.071875 0.0890625
1 0.19453125 0.51484375 0.16015625 0.23671875
1 0.19140625 0.8890625 0.253125 0.22109375
1 0.5734375 0.30390625 0.065625 0.07734375
1 0.6125 0.36953125 0.1109375 0.1328125
1 0.64375 0.2671875 0.05 0.06953125
1 0.67421875 0.28046875 0.04375 0.084375
1 0.75 0.35703125 0.09765625 0.0734375
1 0.828125 0.4296875 0.0796875 0.12734375
1 0.97890625 0.58125 0.04140625 0.18125