1 0.1859375 0.48515625 0.115625 0.27421875
1 0.02890625 0.29609375 0.0578125 0.16875
1 0.26484375 0.2203125 0.090625 0.15625
1 0.084375 0.10703125 0.08984375 0.12109375
1 0.65390625 0.5015625 0.09140625 0.24609375
1 0.84453125 0.45390625 0.1234375 0.20078125
1 0.725 0.26015625 0.08671875 0.15859375
1 0.51875 0.23046875 0.04140625 0.15078125
1 0.62734375 0.08203125 0.053125 0.11484375
1 0.490625 0.08984375 0.0546875 0.128125
1 0.60546875 0.0203125 0.071875 0.040625
1 0.13515625 0.0140625 0.06015625 0.028125
1 0.121875 0.93046875 0.2015625 0.1390625