1 0.43046875 0.16796875 0.0625 0.1484375
1 0.3296875 0.08984375 0.06953125 0.1609375
1 0.20078125 0.21875 0.08828125 0.1828125
1 0.071875 0.3421875 0.14296875 0.30078125
1 0.36328125 0.42421875 0.103125 0.26640625
1 0.8234375 0.54453125 0.08203125 0.228125
1 0.91875 0.29609375 0.0703125 0.1578125
1 0.73125 0.26875 0.07890625 0.18828125
1 0.659375 0.1 0.06875 0.1328125
1 0.83828125 0.09453125 0.053125 0.1109375
1 0.78828125 0.02421875 0.06171875 0.0484375
1 0.2765625 0.90234375 0.203125 0.1953125