1 0.40703125 0.03984375 0.034375 0.040625
1 0.39765625 0.090625 0.03984375 0.07578125
1 0.34765625 0.1421875 0.05390625 0.0984375
1 0.4515625 0.16015625 0.053125 0.1
1 0.43671875 0.26796875 0.084375 0.146875
1 0.33359375 0.2359375 0.05234375 0.10625
1 0.378125 0.453125 0.0796875 0.196875
1 0.2 0.46640625 0.103125 0.2390625
1 0.3046875 0.79609375 0.2046875 0.4078125
1 0.05859375 0.83203125 0.11640625 0.33359375
1 0.6140625 0.171875 0.11640625 0.228125
1 0.56953125 0.084375 0.0453125 0.1421875
1 0.63828125 0.06015625 0.0703125 0.1203125
1 0.85625 0.52109375 0.2875 0.9578125