1 0.34140625 0.678125 0.30703125 0.6390625
1 0.34765625 0.2203125 0.06015625 0.16875
1 0.39453125 0.56484375 0.19765625 0.496875
1 0.48359375 0.2828125 0.07109375 0.2015625
1 0.13125 0.34453125 0.08359375 0.084375
1 0.6625 0.22421875 0.0546875 0.084375
1 0.14453125 0.403125 0.11015625 0.20234375
1 0.71640625 0.2828125 0.05546875 0.06640625
1 0.83828125 0.384375 0.08125 0.0609375
1 0.534375 0.40625 0.13359375 0.34921875
1 0.390625 0.18125 0.03515625 0.1234375
1 0.434375 0.2359375 0.05390625 0.1515625
1 0.27578125 0.24140625 0.04453125 0.04140625
1 0.69453125 0.33515625 0.1 0.17265625
1 0.3984375 0.3984375 0.11015625 0.29140625
1 0.5671875 0.18828125 0.0609375 0.07890625
1 0.79765625 0.4578125 0.1640625 0.20859375