1 0.39375 0.10078125 0.040625 0.090625
1 0.284375 0.2125 0.0515625 0.0578125
1 0.39765625 0.2203125 0.05390625 0.06796875
1 0.3921875 0.28515625 0.0703125 0.06796875
1 0.265625 0.2734375 0.0453125 0.0578125
1 0.36796875 0.36796875 0.08046875 0.121875
1 0.140625 0.309375 0.10390625 0.1171875
1 0.19765625 0.403125 0.09453125 0.17578125
1 0.3125 0.8078125 0.2578125 0.384375
1 0.48984375 0.20859375 0.040625 0.1046875
1 0.43125 0.18828125 0.02421875 0.08515625
1 0.56328125 0.20703125 0.04921875 0.0328125
1 0.57265625 0.2171875 0.04609375 0.06171875
1 0.56796875 0.275 0.05234375 0.075
1 0.6515625 0.18359375 0.0234375 0.03671875
1 0.68125 0.19375 0.04921875 0.07734375
1 0.740625 0.2859375 0.071875 0.07890625
1 0.81484375 0.35546875 0.08046875 0.0640625
1 0.9609375 0.471875 0.07734375 0.19296875