1 0.696875 0.6796875 0.24140625 0.63515625
1 0.1390625 0.37421875 0.20546875 0.4421875
1 0.28046875 0.634375 0.29140625 0.72421875
1 0.7875 0.3078125 0.14609375 0.34296875
1 0.72890625 0.15859375 0.11484375 0.3171875
1 0.60234375 0.38125 0.18046875 0.55234375
1 0.3640625 0.3609375 0.16328125 0.5265625
1 0.815625 0.5875 0.36640625 0.5984375
1 0.2046875 0.1453125 0.13125 0.290625
1 0.203125 0.90234375 0.20234375 0.1921875
1 0.4796875 0.16328125 0.10625 0.3265625
1 0.08359375 0.6171875 0.1671875 0.759375
1 0.559375 0.17890625 0.134375 0.3578125
1 0.5 0.49921875 0.99296875 0.9953125