1 0.2046875 0.08671875 0.08671875 0.13515625
1 0.3515625 0.18515625 0.0890625 0.18515625
1 0.1171875 0.25234375 0.1109375 0.18046875
1 0.3390625 0.48125 0.13046875 0.3203125
1 0.6203125 0.09765625 0.0609375 0.12109375
1 0.67421875 0.2390625 0.090625 0.19453125
1 0.85234375 0.29296875 0.0859375 0.18125
1 0.8125 0.56796875 0.11015625 0.26015625
1 0.971875 0.48515625 0.05625 0.2734375
1 0.22890625 0.90234375 0.2015625 0.1953125
1 0.59140625 0.01171875 0.0578125 0.0234375
1 0.71953125 0.02734375 0.05859375 0.05390625