1 0.38125 0.5046875 0.2078125 0.43125
1 0.28671875 0.6578125 0.36015625 0.67890625
1 0.11484375 0.31640625 0.0875 0.0765625
1 0.65078125 0.20859375 0.10078125 0.14375
1 0.54375 0.3765625 0.13046875 0.35
1 0.72890625 0.26171875 0.05234375 0.05
1 0.7046875 0.3796875 0.1015625 0.2859375
1 0.390625 0.35 0.128125 0.265625
1 0.35625 0.24765625 0.05859375 0.059375
1 0.42734375 0.221875 0.07265625 0.16796875
1 0.27890625 0.21015625 0.0453125 0.0453125
1 0.478125 0.30703125 0.0796875 0.3015625
1 0.43515625 0.28046875 0.08828125 0.28515625
1 0.85625 0.35546875 0.08046875 0.06171875
1 0.3 0.18828125 0.08125 0.1515625
1 0.24375 0.25703125 0.0421875 0.0265625
1 0.80703125 0.42890625 0.18125 0.20859375