1 0.33671875 0.4703125 0.1421875 0.27734375
1 0.8078125 0.59609375 0.0953125 0.2578125
1 0.24921875 0.9 0.24609375 0.2
1 0.07265625 0.37109375 0.1453125 0.321875
1 0.184375 0.24921875 0.1015625 0.1921875
1 0.4375 0.22578125 0.0859375 0.19453125
1 0.7078125 0.31953125 0.096875 0.2078125
1 0.8921875 0.34765625 0.1015625 0.18671875
1 0.8359375 0.16796875 0.08984375 0.1515625
1 0.67890625 0.128125 0.0796875 0.16015625
1 0.29140625 0.08828125 0.0890625 0.125
1 0.3359375 0.01640625 0.0453125 0.03203125
1 0.659375 0.0359375 0.0421875 0.07109375
1 0.77421875 0.053125 0.06640625 0.10546875
1 0.7203125 0.01875 0.01953125 0.0328125
1 0.58984375 0.0234375 0.03828125 0.046875