1 0.3484375 0.171875 0.053125 0.1578125
1 0.42421875 0.2734375 0.05859375 0.084375
1 0.565625 0.28984375 0.065625 0.05390625
1 0.659375 0.27109375 0.03515625 0.05390625
1 0.68515625 0.28359375 0.0578125 0.12109375
1 0.57421875 0.34296875 0.06796875 0.10234375
1 0.725 0.359375 0.06015625 0.071875
1 0.8125 0.45 0.09453125 0.12109375
1 0.40859375 0.3359375 0.0734375 0.096875
1 0.29609375 0.29453125 0.07578125 0.10078125
1 0.3703125 0.42734375 0.065625 0.140625
1 0.25390625 0.3359375 0.0453125 0.06015625
1 0.15234375 0.40078125 0.09296875 0.14609375
1 0.2140625 0.503125 0.1453125 0.18671875
1 0.2734375 0.86640625 0.209375 0.2671875