1 0.74375 0.359375 0.0671875 0.075
1 0.6953125 0.27421875 0.06640625 0.0734375
1 0.64140625 0.2609375 0.04609375 0.03046875
1 0.54609375 0.26484375 0.028125 0.0265625
1 0.56484375 0.2765625 0.0703125 0.05625
1 0.57890625 0.33125 0.05234375 0.0671875
1 0.82265625 0.43828125 0.0921875 0.09609375
1 0.978125 0.61484375 0.04375 0.1984375
1 0.39609375 0.17421875 0.05625 0.0984375
1 0.3453125 0.24453125 0.0484375 0.04453125
1 0.4015625 0.2984375 0.04921875 0.08125
1 0.40078125 0.33671875 0.06796875 0.05625
1 0.38046875 0.41796875 0.0859375 0.08828125
1 0.32734375 0.29609375 0.046875 0.05390625
1 0.24296875 0.34921875 0.05703125 0.04453125
1 0.15234375 0.38671875 0.11953125 0.11171875
1 0.25390625 0.53671875 0.16328125 0.1390625
1 0.01640625 0.56015625 0.0328125 0.1640625
1 0.2984375 0.903125 0.2765625 0.19375