1 0.234375 0.10625 0.08359375 0.1640625
1 0.3515625 0.20859375 0.084375 0.22890625
1 0.1375 0.24296875 0.11171875 0.21015625
1 0.32421875 0.478125 0.12421875 0.33125
1 0.259375 0.915625 0.2390625 0.16875
1 0.73515625 0.5328125 0.13359375 0.3078125
1 0.9734375 0.46875 0.053125 0.2453125
1 0.840625 0.29609375 0.08671875 0.2046875
1 0.6484375 0.23828125 0.0890625 0.18828125
1 0.771875 0.10078125 0.0875 0.1484375
1 0.5640625 0.11171875 0.08203125 0.1609375
1 0.7296875 0.04140625 0.07578125 0.08203125
1 0.5890625 0.0390625 0.0640625 0.07421875