1 0.37578125 0.1875 0.04296875 0.0921875
1 0.39921875 0.18671875 0.01953125 0.09453125
1 0.44765625 0.24921875 0.0421875 0.065625
1 0.51328125 0.25703125 0.034375 0.0640625
1 0.57578125 0.29375 0.04375 0.0328125
1 0.5953125 0.340625 0.05703125 0.0828125
1 0.678125 0.2984375 0.04375 0.06796875
1 0.66875 0.28515625 0.034375 0.05
1 0.7453125 0.36640625 0.06640625 0.07890625
1 0.81484375 0.4625 0.08984375 0.1078125
1 0.421875 0.3078125 0.06328125 0.06171875
1 0.4171875 0.34609375 0.06171875 0.071875
1 0.31640625 0.29453125 0.05703125 0.0640625
1 0.37109375 0.4171875 0.078125 0.1234375
1 0.2734375 0.33125 0.05 0.071875
1 0.1578125 0.39140625 0.1171875 0.1046875
1 0.27109375 0.4828125 0.14765625 0.18515625
1 0.278125 0.84140625 0.16796875 0.3125
1 0.02109375 0.58046875 0.04140625 0.15234375