1 0.20625 0.09375 0.09765625 0.13515625
1 0.35234375 0.20234375 0.0984375 0.19765625
1 0.1046875 0.2578125 0.11171875 0.18046875
1 0.31953125 0.48203125 0.13359375 0.3453125
1 0.24296875 0.915625 0.221875 0.16875
1 0.76171875 0.51796875 0.11015625 0.2703125
1 0.97265625 0.465625 0.05390625 0.20625
1 0.859375 0.29296875 0.1015625 0.20703125
1 0.7875 0.09375 0.09765625 0.13515625
1 0.73125 0.02265625 0.07734375 0.0453125
1 0.6328125 0.10546875 0.0921875 0.1
1 0.675 0.2390625 0.0765625 0.23046875
1 0.5890625 0.01640625 0.04921875 0.0328125