1 0.84453125 0.39453125 0.16796875 0.365625
1 0.425 0.38125 0.1984375 0.55703125
1 0.21875 0.3765625 0.17734375 0.51484375
1 0.11796875 0.603125 0.23515625 0.78515625
1 0.36796875 0.65390625 0.2828125 0.684375
1 0.803125 0.209375 0.11953125 0.3234375
1 0.28828125 0.18046875 0.11484375 0.33203125
1 0.65859375 0.41796875 0.20078125 0.5640625
1 0.59609375 0.2515625 0.15078125 0.4421875
1 0.74140625 0.0859375 0.08984375 0.171875
1 0.2609375 0.8984375 0.19765625 0.19921875
1 0.93125 0.690625 0.1359375 0.6125
1 0.61953125 0.11171875 0.12265625 0.2234375
1 0.49921875 0.49921875 0.99609375 0.99375
1 0.80859375 0.78125 0.3765625 0.43359375