1 0.221875 0.57421875 0.15625 0.23828125
1 0.12890625 0.4546875 0.08828125 0.09921875
1 0.2546875 0.39609375 0.0609375 0.0515625
1 0.3546875 0.4875 0.08671875 0.1328125
1 0.7828125 0.52265625 0.1125 0.10703125
1 0.70859375 0.3921875 0.0578125 0.0765625
1 0.56171875 0.38671875 0.0609375 0.0921875
1 0.665625 0.33046875 0.05 0.0859375
1 0.640625 0.32578125 0.0265625 0.05234375
1 0.4671875 0.321875 0.04140625 0.0734375
1 0.4 0.39609375 0.0609375 0.08828125
1 0.38828125 0.346875 0.03984375 0.05390625
1 0.290625 0.35546875 0.05078125 0.0578125
1 0.32109375 0.303125 0.040625 0.1
1 0.38671875 0.26328125 0.0390625 0.05234375
1 0.42109375 0.30859375 0.04296875 0.06484375
1 0.56953125 0.23515625 0.03515625 0.06015625
1 0.53984375 0.35234375 0.053125 0.07890625