1 0.62734375 0.1703125 0.1140625 0.2203125
1 0.52578125 0.1578125 0.16328125 0.31484375
1 0.77109375 0.39296875 0.0515625 0.0984375
1 0.69296875 0.321875 0.0390625 0.07109375
1 0.671875 0.38046875 0.0703125 0.1046875
1 0.66328125 0.47890625 0.0671875 0.125
1 0.76953125 0.58203125 0.11875 0.26796875
1 0.959375 0.6078125 0.08046875 0.1859375
1 0.865625 0.46484375 0.0796875 0.146875
1 0.33515625 0.3453125 0.03046875 0.04453125
1 0.31640625 0.403125 0.04453125 0.04453125
1 0.29609375 0.43359375 0.06171875 0.0828125
1 0.3375 0.5140625 0.06328125 0.12734375
1 0.175 0.484375 0.090625 0.12578125
1 0.2328125 0.60625 0.13515625 0.2125
1 0.04609375 0.6796875 0.0921875 0.1828125