1 0.66953125 0.22890625 0.05 0.07890625
1 0.73125 0.29296875 0.05546875 0.05234375
1 0.85859375 0.38984375 0.08203125 0.0640625
1 0.74140625 0.38828125 0.109375 0.24765625
1 0.57890625 0.28515625 0.05546875 0.07421875
1 0.84765625 0.4640625 0.1390625 0.21953125
1 0.265625 0.90625 0.309375 0.17890625
1 0.2890625 0.24375 0.04140625 0.053125
1 0.0296875 0.70859375 0.059375 0.5421875
1 0.26015625 0.28671875 0.03515625 0.0296875
1 0.496875 0.2890625 0.0640625 0.1953125
1 0.44765625 0.23984375 0.04453125 0.16484375
1 0.4859375 0.215625 0.03203125 0.040625
1 0.26015625 0.4734375 0.14765625 0.23515625
1 0.1703125 0.359375 0.084375 0.1265625
1 0.396875 0.12109375 0.03984375 0.05390625
1 0.34375 0.35859375 0.07890625 0.12890625
1 0.56015625 0.24296875 0.04765625 0.0640625