1 0.4390625 0.30078125 0.0671875 0.16640625
1 0.2640625 0.178125 0.09140625 0.1578125
1 0.16640625 0.34140625 0.0765625 0.175
1 0.34921875 0.54296875 0.07734375 0.23984375
1 0.0546875 0.4890625 0.10859375 0.2828125
1 0.78046875 0.62265625 0.0984375 0.1859375
1 0.9765625 0.540625 0.046875 0.21640625
1 0.8796875 0.3375 0.09140625 0.1515625
1 0.67421875 0.32109375 0.071875 0.16328125
1 0.82265625 0.1859375 0.0796875 0.128125
1 0.76484375 0.0796875 0.05703125 0.0890625
1 0.62265625 0.17890625 0.06015625 0.11015625
1 0.6328125 0.0484375 0.05546875 0.096875
1 0.559375 0.0421875 0.05703125 0.084375
1 0.30625 0.0640625 0.0734375 0.12734375
1 0.6953125 0.02734375 0.05546875 0.05390625
1 0.290625 0.94765625 0.2859375 0.1046875