1 0.26640625 0.365625 0.10859375 0.215625
1 0.08671875 0.20078125 0.11328125 0.16640625
1 0.365625 0.1546875 0.075 0.14375
1 0.17421875 0.04375 0.0828125 0.08671875
1 0.578125 0.0453125 0.05390625 0.090625
1 0.73828125 0.06484375 0.08828125 0.12890625
1 0.8234375 0.23125 0.1078125 0.1671875
1 0.609375 0.18984375 0.08046875 0.15859375
1 0.7078125 0.4578125 0.12109375 0.2765625
1 0.95234375 0.4296875 0.0953125 0.2890625
1 0.2328125 0.88984375 0.23359375 0.2203125
1 0.01640625 0.33671875 0.0328125 0.3015625