1 0.471875 0.1609375 0.1703125 0.321875
1 0.57109375 0.1515625 0.075 0.2640625
1 0.59921875 0.1671875 0.07734375 0.15625
1 0.75 0.36171875 0.08515625 0.08828125
1 0.68828125 0.29140625 0.046875 0.08671875
1 0.6546875 0.45859375 0.06875 0.08515625
1 0.840625 0.4359375 0.1046875 0.115625
1 0.7734375 0.553125 0.1109375 0.18359375
1 0.9625 0.584375 0.075 0.2
1 0.30234375 0.34375 0.04140625 0.06328125
1 0.2953125 0.41328125 0.06953125 0.090625
1 0.17421875 0.48046875 0.1046875 0.15234375
1 0.27109375 0.58984375 0.13125 0.2046875
1 0.04296875 0.7046875 0.0859375 0.28515625