1 0.19453125 0.08828125 0.08671875 0.14609375
1 0.1140625 0.2390625 0.10546875 0.1765625
1 0.04296875 0.4 0.0859375 0.3765625
1 0.2765625 0.475 0.1296875 0.346875
1 0.21953125 0.91328125 0.29140625 0.1609375
1 0.7609375 0.54609375 0.0984375 0.3109375
1 0.96875 0.46640625 0.0625 0.3046875
1 0.83203125 0.2703125 0.06796875 0.1828125
1 0.64609375 0.24609375 0.0953125 0.23359375
1 0.72421875 0.12265625 0.0734375 0.1828125
1 0.58515625 0.09140625 0.04921875 0.13125
1 0.559375 0.02265625 0.06484375 0.0453125
1 0.72421875 0.0234375 0.0765625 0.04609375