1 0.31875 0.65078125 0.29921875 0.69296875
1 0.4015625 0.50703125 0.16796875 0.46875
1 0.48125 0.26328125 0.0703125 0.22890625
1 0.328125 0.1765625 0.05234375 0.16484375
1 0.7734375 0.41015625 0.1171875 0.20390625
1 0.1390625 0.29609375 0.0859375 0.0875
1 0.53984375 0.35859375 0.1359375 0.35234375
1 0.72265625 0.240625 0.05234375 0.05
1 0.5796875 0.225 0.0546875 0.0828125
1 0.66640625 0.1703125 0.053125 0.08828125
1 0.790625 0.35234375 0.08125 0.0875
1 0.62109375 0.18359375 0.0453125 0.05
1 0.27578125 0.1890625 0.04453125 0.03515625
1 0.40234375 0.34375 0.10390625 0.28671875
1 0.43046875 0.215625 0.06171875 0.165625