1 0.5296875 0.49921875 0.13671875 0.3578125
1 0.784375 0.48359375 0.1421875 0.1375
1 0.16171875 0.4203125 0.08359375 0.109375
1 0.6734375 0.3078125 0.05078125 0.0875
1 0.29765625 0.89609375 0.36796875 0.20390625
1 0.25390625 0.553125 0.1515625 0.24453125
1 0.4078125 0.25 0.09296875 0.22265625
1 0.7015625 0.41953125 0.103125 0.16796875
1 0.72578125 0.36875 0.053125 0.0640625
1 0.334375 0.4328125 0.0765625 0.1109375
1 0.32890625 0.71328125 0.30546875 0.5640625
1 0.396875 0.35234375 0.05390625 0.0796875
1 0.38671875 0.61015625 0.18203125 0.46484375
1 0.665625 0.3296875 0.07265625 0.13203125