1 0.384375 0.16328125 0.04375 0.10078125
1 0.32421875 0.2328125 0.03984375 0.05625
1 0.3125 0.275 0.05703125 0.06953125
1 0.39765625 0.284375 0.04453125 0.03046875
1 0.38203125 0.3078125 0.04296875 0.05390625
1 0.37109375 0.3828125 0.0578125 0.1140625
1 0.265625 0.3265625 0.059375 0.059375
1 0.16875 0.32578125 0.159375 0.0921875
1 0.25234375 0.49609375 0.15546875 0.21015625
1 0.35859375 0.84765625 0.16328125 0.30390625
1 0.5875 0.33046875 0.05625 0.06953125
1 0.5703125 0.2796875 0.05859375 0.07578125
1 0.66640625 0.2609375 0.03671875 0.05390625
1 0.68828125 0.26640625 0.0390625 0.084375
1 0.7359375 0.31875 0.05 0.06796875
1 0.79296875 0.41171875 0.06875 0.0984375
1 0.45078125 0.30234375 0.05078125 0.16796875