1 0.5359375 0.5640625 0.15078125 0.36875
1 0.40546875 0.30859375 0.09375 0.21953125
1 0.36796875 0.62421875 0.16875 0.3734375
1 0.67265625 0.36640625 0.04921875 0.0921875
1 0.7234375 0.42890625 0.0515625 0.05703125
1 0.14375 0.47265625 0.08984375 0.09453125
1 0.834375 0.51953125 0.08203125 0.0765625
1 0.70078125 0.48203125 0.09765625 0.16484375
1 0.290625 0.7359375 0.36640625 0.5203125
1 0.8 0.5953125 0.1515625 0.22890625
1 0.9109375 0.27265625 0.01328125 0.0890625
1 0.6625 0.38671875 0.0703125 0.13203125
1 0.190625 0.58515625 0.16484375 0.215625
1 0.33046875 0.3734375 0.06640625 0.1375
1 0.19921875 0.94765625 0.26328125 0.10078125
1 0.42578125 0.3625 0.13515625 0.325
1 0.984375 0.64375 0.0296875 0.1703125
1 0.01640625 0.65703125 0.0328125 0.15625