1 0.70703125 0.69140625 0.25078125 0.6109375
1 0.30234375 0.6515625 0.2875 0.6890625
1 0.15546875 0.3828125 0.1890625 0.44375
1 0.81484375 0.40859375 0.15625 0.4328125
1 0.9140625 0.675 0.16953125 0.64140625
1 0.22265625 0.1671875 0.13203125 0.31328125
1 0.546875 0.4234375 0.140625 0.8265625
1 0.74765625 0.1765625 0.109375 0.321875
1 0.62421875 0.5609375 0.17734375 0.8703125
1 0.23125 0.9109375 0.21015625 0.1734375
1 0.37421875 0.4703125 0.21953125 0.7546875
1 0.05546875 0.7796875 0.11015625 0.434375
1 0.6953125 0.07109375 0.09609375 0.14140625
1 0.55546875 0.11015625 0.11953125 0.21953125
1 0.5 0.49921875 0.99375 0.9953125