1 0.296875 0.12734375 0.07734375 0.125
1 0.18828125 0.28828125 0.1265625 0.17109375
1 0.07109375 0.3828125 0.13984375 0.2765625
1 0.42265625 0.50234375 0.17578125 0.28671875
1 0.459375 0.23359375 0.1015625 0.1671875
1 0.77265625 0.55078125 0.1046875 0.21875
1 0.71171875 0.28046875 0.0640625 0.128125
1 0.9125 0.31015625 0.075 0.178125
1 0.82265625 0.1265625 0.05859375 0.11953125
1 0.7953125 0.03984375 0.05234375 0.06875
1 0.64609375 0.12734375 0.046875 0.10234375
1 0.6484375 0.0203125 0.05 0.040625
1 0.578125 0.0296875 0.0609375 0.05859375
1 0.340625 0.0171875 0.05625 0.03359375