1 0.39609375 0.1125 0.13046875 0.22421875
1 0.54921875 0.06015625 0.05859375 0.1203125
1 0.57109375 0.21953125 0.0875 0.18359375
1 0.6828125 0.29453125 0.0515625 0.0484375
1 0.7609375 0.35078125 0.07890625 0.10234375
1 0.65625 0.42109375 0.05390625 0.09609375
1 0.84375 0.4015625 0.0734375 0.0921875
1 0.75390625 0.5265625 0.140625 0.18125
1 0.96796875 0.6109375 0.0640625 0.28203125
1 0.16328125 0.40078125 0.096875 0.1390625
1 0.27109375 0.371875 0.05859375 0.08828125
1 0.2421875 0.5875 0.1234375 0.21171875
1 0.0375 0.64140625 0.07421875 0.1796875