1 0.653125 0.121875 0.03359375 0.04765625
1 0.66953125 0.18359375 0.05 0.06015625
1 0.6328125 0.2203125 0.04921875 0.0578125
1 0.76328125 0.184375 0.07890625 0.0640625
1 0.66640625 0.2984375 0.07578125 0.10859375
1 0.86171875 0.2484375 0.0890625 0.1
1 0.71328125 0.415625 0.14765625 0.1953125
1 0.49140625 0.17109375 0.1390625 0.3421875
1 0.55 0.09140625 0.1046875 0.1828125
1 0.29375 0.196875 0.0390625 0.0390625
1 0.28125 0.23984375 0.0796875 0.0640625
1 0.175 0.27421875 0.084375 0.08671875
1 0.32109375 0.334375 0.06953125 0.09609375
1 0.22578125 0.45859375 0.225 0.21171875
1 0.040625 0.5546875 0.08125 0.20625