1 0.66015625 0.703125 0.22109375 0.58828125
1 0.88046875 0.67109375 0.23671875 0.64765625
1 0.09921875 0.4796875 0.1890625 0.4625
1 0.31640625 0.43828125 0.15234375 0.46796875
1 0.6640625 0.21796875 0.11171875 0.3234375
1 0.28828125 0.68125 0.33828125 0.63046875
1 0.7390625 0.40859375 0.1421875 0.42734375
1 0.4921875 0.34296875 0.13984375 0.56640625
1 0.20234375 0.1203125 0.11328125 0.240625
1 0.5703125 0.43046875 0.17734375 0.51171875
1 0.17421875 0.26171875 0.09765625 0.27421875
1 0.61328125 0.09140625 0.08984375 0.1828125
1 0.5 0.49921875 0.99453125 0.99453125
1 0.9296875 0.8890625 0.13828125 0.21796875
1 0.41328125 0.1140625 0.0859375 0.228125
1 0.48515625 0.10625 0.08046875 0.21171875
1 0.41484375 0.225 0.08828125 0.4484375