1 0.375 0.15234375 0.0546875 0.11796875
1 0.31015625 0.16015625 0.02890625 0.0578125
1 0.38828125 0.24296875 0.06796875 0.0421875
1 0.365625 0.27890625 0.07421875 0.08515625
1 0.353125 0.375 0.0671875 0.140625
1 0.303125 0.23671875 0.06328125 0.0828125
1 0.2375 0.27734375 0.0640625 0.0828125
1 0.12109375 0.32578125 0.08984375 0.13359375
1 0.19375 0.4625 0.14921875 0.23203125
1 0.43125 0.18828125 0.06875 0.10078125
1 0.4796875 0.209375 0.02890625 0.0640625
1 0.52265625 0.24375 0.05859375 0.10390625
1 0.6 0.27734375 0.0609375 0.08515625
1 0.65390625 0.21171875 0.04140625 0.071875
1 0.6796875 0.215625 0.059375 0.10859375
1 0.73828125 0.29921875 0.07421875 0.1078125
1 0.8453125 0.36328125 0.090625 0.0984375