1 0.4859375 0.22421875 0.05 0.07109375
1 0.42421875 0.215625 0.05 0.07578125
1 0.3859375 0.1421875 0.0265625 0.06328125
1 0.346875 0.1203125 0.0390625 0.09609375
1 0.37890625 0.27421875 0.0390625 0.1
1 0.3640625 0.35 0.07890625 0.13515625
1 0.2828125 0.23359375 0.04140625 0.0734375
1 0.2265625 0.26640625 0.0515625 0.08125
1 0.16796875 0.33125 0.06640625 0.11328125
1 0.23671875 0.503125 0.14765625 0.228125
1 0.2859375 0.9078125 0.2609375 0.184375
1 0.54140625 0.21328125 0.03515625 0.0484375
1 0.5625 0.21953125 0.034375 0.059375
1 0.58046875 0.28359375 0.06796875 0.1078125
1 0.64375 0.19140625 0.02421875 0.05
1 0.6703125 0.20703125 0.03671875 0.1
1 0.7390625 0.28671875 0.04765625 0.0828125
1 0.8359375 0.38359375 0.07890625 0.1296875
1 0.9859375 0.5734375 0.028125 0.278125