1 0.41328125 0.5859375 0.1671875 0.50859375
1 0.23828125 0.67421875 0.475 0.64609375
1 0.67265625 0.22734375 0.04765625 0.084375
1 0.4765625 0.3140625 0.08671875 0.28515625
1 0.35390625 0.23046875 0.07265625 0.15234375
1 0.725 0.28515625 0.05703125 0.06875
1 0.52734375 0.409375 0.11484375 0.3453125
1 0.81953125 0.3875 0.07890625 0.0625
1 0.39140625 0.18359375 0.03515625 0.11640625
1 0.39375 0.846875 0.16328125 0.303125
1 0.7875 0.45625 0.14453125 0.2015625
1 0.27578125 0.24453125 0.04453125 0.040625
1 0.44140625 0.2328125 0.05234375 0.15078125
1 0.13828125 0.34453125 0.07734375 0.08359375