1 0.22265625 0.41796875 0.09140625 0.16484375
1 0.86875 0.36328125 0.0953125 0.096875
1 0.728125 0.2609375 0.08125 0.04921875
1 0.6671875 0.1875 0.046875 0.06640625
1 0.571875 0.24375 0.053125 0.06875
1 0.375 0.25078125 0.06484375 0.07734375
1 0.32578125 0.34375 0.08671875 0.11171875
1 0.13359375 0.31484375 0.0671875 0.09140625
1 0.2453125 0.25703125 0.0609375 0.053125
1 0.28359375 0.20625 0.05703125 0.0625
1 0.45625 0.21640625 0.03046875 0.05390625
1 0.41484375 0.18203125 0.0359375 0.0609375
1 0.390625 0.215625 0.040625 0.04921875
1 0.38203125 0.11328125 0.02890625 0.0484375
1 0.55546875 0.2078125 0.03984375 0.04921875
1 0.2765625 0.15234375 0.03671875 0.06484375