1 0.503125 0.43984375 0.07734375 0.3265625
1 0.2796875 0.8546875 0.25859375 0.28671875
1 0.79375 0.5703125 0.1109375 0.23046875
1 0.38046875 0.28046875 0.10234375 0.18046875
1 0.403125 0.63125 0.13984375 0.4671875
1 0.1640625 0.70546875 0.29765625 0.58203125
1 0.5640625 0.52734375 0.10234375 0.353125
1 0.7140625 0.45 0.09453125 0.17578125
1 0.45546875 0.3703125 0.06875 0.17734375
1 0.2046875 0.53203125 0.1671875 0.23359375
1 0.73359375 0.39921875 0.05625 0.07421875
1 0.01640625 0.75 0.03203125 0.49453125
1 0.30546875 0.33984375 0.04453125 0.05078125
1 0.6890625 0.340625 0.05078125 0.08828125
1 0.2671875 0.384375 0.04765625 0.028125
1 0.3953125 0.38359375 0.059375 0.065625
1 0.9609375 0.8 0.07734375 0.3953125
1 0.17421875 0.43125 0.08828125 0.08828125
1 0.68125 0.390625 0.06796875 0.1875