1 0.9625 0.6765625 0.07421875 0.303125
1 0.82421875 0.5046875 0.07890625 0.1171875
1 0.7609375 0.29375 0.096875 0.11796875
1 0.71171875 0.20390625 0.16171875 0.4078125
1 0.5078125 0.1640625 0.0828125 0.17890625
1 0.5359375 0.07109375 0.071875 0.13671875
1 0.41640625 0.071875 0.046875 0.06171875
1 0.43671875 0.0265625 0.04453125 0.0515625
1 0.346875 0.06328125 0.05078125 0.09453125
1 0.3765625 0.4671875 0.09140625 0.18671875
1 0.14140625 0.44140625 0.1328125 0.1703125
1 0.253125 0.23046875 0.0921875 0.15390625
1 0.38828125 0.26640625 0.04765625 0.1