1 0.21328125 0.42578125 0.1015625 0.128125
1 0.42890625 0.3609375 0.0734375 0.14296875
1 0.8765625 0.3734375 0.08984375 0.084375
1 0.73046875 0.25703125 0.06171875 0.053125
1 0.58046875 0.2421875 0.059375 0.08359375
1 0.67890625 0.1859375 0.05 0.09609375
1 0.56171875 0.18359375 0.05078125 0.0390625
1 0.37421875 0.259375 0.053125 0.07109375
1 0.14140625 0.31328125 0.06640625 0.11015625
1 0.2453125 0.24921875 0.034375 0.065625
1 0.27890625 0.19453125 0.05625 0.053125
1 0.47265625 0.19453125 0.0359375 0.07578125
1 0.41875 0.16171875 0.03984375 0.0828125
1 0.31953125 0.1453125 0.04296875 0.0640625
1 0.403125 0.21640625 0.05 0.0390625
1 0.35859375 0.10234375 0.03125 0.04296875
1 0.59140625 0.08515625 0.0265625 0.0375