1 0.37421875 0.2125 0.1046875 0.175
1 0.84453125 0.47421875 0.084375 0.0765625
1 0.578125 0.375 0.05859375 0.08125
1 0.2515625 0.38203125 0.05546875 0.03515625
1 0.29375 0.86171875 0.25703125 0.26953125
1 0.22265625 0.5390625 0.140625 0.22578125
1 0.7359375 0.38671875 0.059375 0.06015625
1 0.81796875 0.55703125 0.14375 0.2359375
1 0.36796875 0.4625 0.08046875 0.140625
1 0.67265625 0.32265625 0.0515625 0.0859375
1 0.1453125 0.4296875 0.0828125 0.0984375
1 0.6765625 0.375 0.08046875 0.17890625
1 0.3921875 0.37265625 0.05625 0.08125
1 0.95234375 0.7171875 0.09453125 0.53984375
1 0.54609375 0.340625 0.05 0.07734375
1 0.7375 0.4734375 0.11953125 0.22890625
1 0.5484375 0.28984375 0.02421875 0.04375
1 0.4546875 0.35859375 0.04609375 0.19453125
1 0.9796875 0.56796875 0.040625 0.2515625
1 0.64765625 0.3203125 0.01484375 0.0265625
1 0.30390625 0.33125 0.05625 0.0640625