1 0.47890625 0.22890625 0.034375 0.06171875
1 0.43671875 0.2109375 0.02734375 0.0640625
1 0.3328125 0.1953125 0.05625 0.08125
1 0.3796875 0.26953125 0.03828125 0.05546875
1 0.3734375 0.303125 0.0546875 0.07578125
1 0.34296875 0.39140625 0.06953125 0.1234375
1 0.27734375 0.246875 0.03515625 0.0390625
1 0.240625 0.2890625 0.046875 0.05546875
1 0.125 0.359375 0.06640625 0.11171875
1 0.20703125 0.4875 0.13671875 0.2296875
1 0.5625 0.25703125 0.04921875 0.059375
1 0.6484375 0.234375 0.02265625 0.0328125
1 0.6734375 0.24375 0.0390625 0.075
1 0.60078125 0.2984375 0.0546875 0.0671875
1 0.734375 0.31015625 0.05703125 0.07109375
1 0.825 0.3765625 0.05546875 0.08515625