1 0.40078125 0.2 0.0515625 0.1171875
1 0.32734375 0.2640625 0.053125 0.06328125
1 0.309375 0.3 0.06640625 0.0828125
1 0.39921875 0.2890625 0.0390625 0.0421875
1 0.38671875 0.334375 0.05 0.0640625
1 0.24765625 0.34765625 0.06328125 0.07578125
1 0.32265625 0.40234375 0.08984375 0.10390625
1 0.14140625 0.38828125 0.0984375 0.1140625
1 0.20625 0.51640625 0.1328125 0.23515625
1 0.21328125 0.903125 0.2953125 0.19375
1 0.55703125 0.27421875 0.04140625 0.03125
1 0.58203125 0.28828125 0.03828125 0.04296875
1 0.5734375 0.353125 0.08828125 0.096875
1 0.6421875 0.2640625 0.04375 0.03828125
1 0.678125 0.28046875 0.06328125 0.0921875
1 0.73359375 0.3484375 0.07265625 0.09296875
1 0.81953125 0.42890625 0.084375 0.11796875
1 0.9734375 0.52578125 0.053125 0.1953125
1 0.45 0.33984375 0.078125 0.18671875