1 0.7703125 0.11875 0.06640625 0.07734375
1 0.66953125 0.05078125 0.0390625 0.05390625
1 0.63359375 0.1046875 0.05625 0.05625
1 0.74765625 0.34296875 0.14140625 0.1703125
1 0.65390625 0.19296875 0.08046875 0.11328125
1 0.91484375 0.4296875 0.16953125 0.85078125
1 0.440625 0.28984375 0.2578125 0.57890625
1 0.53984375 0.075 0.08515625 0.15
1 0.56953125 0.1375 0.0921875 0.275
1 0.26171875 0.153125 0.05703125 0.06171875
1 0.15078125 0.23046875 0.10234375 0.1296875
1 0.2390625 0.3484375 0.14609375 0.20078125
1 0.03515625 0.43125 0.06953125 0.221875