1 0.33203125 0.64375 0.28515625 0.70625
1 0.7609375 0.70625 0.2578125 0.5828125
1 0.209375 0.37578125 0.18671875 0.44765625
1 0.28984375 0.15234375 0.11171875 0.2984375
1 0.11640625 0.5953125 0.23203125 0.80078125
1 0.79296875 0.2 0.1015625 0.334375
1 0.7546875 0.0796875 0.1 0.159375
1 0.5984375 0.415625 0.1625 0.79296875
1 0.23984375 0.8984375 0.21015625 0.19765625
1 0.85625 0.3765625 0.14375 0.33984375
1 0.67578125 0.57265625 0.1875 0.84375
1 0.43046875 0.49140625 0.1515625 0.775
1 0.546875 0.09921875 0.08515625 0.1984375
1 0.49140625 0.49921875 0.98203125 0.99453125
1 0.34453125 0.06796875 0.096875 0.1359375
1 0.65703125 0.025 0.0625 0.05
1 0.63203125 0.0921875 0.1125 0.18359375
1 0.80859375 0.559375 0.31015625 0.70703125