1 0.396875 0.23828125 0.05 0.07734375
1 0.47578125 0.2984375 0.04453125 0.06953125
1 0.41328125 0.3609375 0.03828125 0.0734375
1 0.39375 0.38828125 0.05859375 0.06953125
1 0.35859375 0.47109375 0.0578125 0.10078125
1 0.2875 0.35703125 0.06484375 0.0578125
1 0.33984375 0.30234375 0.05078125 0.0890625
1 0.23828125 0.39140625 0.05234375 0.0734375
1 0.171875 0.4421875 0.1046875 0.12890625
1 0.2171875 0.584375 0.1171875 0.26015625
1 0.20546875 0.915625 0.23671875 0.16875
1 0.85625 0.55859375 0.12421875 0.20859375
1 0.98203125 0.61328125 0.0359375 0.15078125
1 0.73046875 0.39375 0.07421875 0.0734375
1 0.675 0.3421875 0.040625 0.1140625
1 0.64921875 0.3265625 0.04765625 0.05
1 0.58203125 0.3796875 0.06171875 0.075
1 0.5625 0.325 0.03046875 0.04609375