1 0.19921875 0.0875 0.0921875 0.1453125
1 0.12734375 0.2484375 0.10234375 0.190625
1 0.36953125 0.2140625 0.115625 0.22109375
1 0.33203125 0.50703125 0.134375 0.365625
1 0.240625 0.91328125 0.234375 0.1734375
1 0.7546875 0.53828125 0.1359375 0.3
1 0.96796875 0.46640625 0.06328125 0.2734375
1 0.86015625 0.2953125 0.1078125 0.2
1 0.634375 0.26328125 0.07734375 0.24609375
1 0.7859375 0.09765625 0.08203125 0.14296875
1 0.6234375 0.08515625 0.06953125 0.12265625
1 0.725 0.01875 0.0625 0.0375
1 0.59140625 0.01796875 0.04609375 0.0359375