1 0.284375 0.6640625 0.3640625 0.66640625
1 0.38046875 0.5171875 0.209375 0.43203125
1 0.47734375 0.309375 0.078125 0.27734375
1 0.65 0.2203125 0.1015625 0.14375
1 0.11328125 0.328125 0.0875 0.07734375
1 0.72890625 0.27265625 0.053125 0.05
1 0.27734375 0.22265625 0.04609375 0.0453125
1 0.85625 0.3671875 0.08046875 0.06171875
1 0.87109375 0.2296875 0.06328125 0.16875
1 0.54453125 0.38671875 0.12734375 0.346875
1 0.35625 0.25859375 0.05859375 0.0625
1 0.29921875 0.20078125 0.08203125 0.15
1 0.42734375 0.23515625 0.06953125 0.15546875
1 0.91015625 0.3453125 0.05703125 0.12578125
1 0.38984375 0.36015625 0.1265625 0.2671875
1 0.4359375 0.29765625 0.08828125 0.28046875