1 0.41953125 0.0609375 0.16015625 0.121875
1 0.52265625 0.03671875 0.0375 0.0734375
1 0.56328125 0.15859375 0.0953125 0.3171875
1 0.76015625 0.17109375 0.059375 0.06953125
1 0.67734375 0.11953125 0.075 0.08125
1 0.63359375 0.20546875 0.0578125 0.0828125
1 0.6734375 0.25546875 0.07578125 0.1171875
1 0.8390625 0.22578125 0.1140625 0.15
1 0.71640625 0.40390625 0.12265625 0.1953125
1 0.25234375 0.23515625 0.06640625 0.08125
1 0.17578125 0.303125 0.09921875 0.12578125
1 0.20859375 0.4296875 0.14765625 0.17578125
1 0.04296875 0.5140625 0.0859375 0.15625
1 0.04453125 0.9484375 0.0890625 0.103125