1 0.2359375 0.10078125 0.0703125 0.11875
1 0.11015625 0.2671875 0.10234375 0.165625
1 0.3328125 0.47578125 0.13671875 0.2703125
1 0.0328125 0.48046875 0.065625 0.265625
1 0.3453125 0.221875 0.08828125 0.171875
1 0.70703125 0.540625 0.15625 0.24765625
1 0.9703125 0.5078125 0.05859375 0.24296875
1 0.82109375 0.26875 0.09296875 0.16953125
1 0.6359375 0.25078125 0.08984375 0.19765625
1 0.565625 0.1109375 0.0640625 0.14296875
1 0.75546875 0.11328125 0.07578125 0.15703125
1 0.70546875 0.03203125 0.059375 0.0625
1 0.60078125 0.0140625 0.05625 0.028125