1 0.5828125 0.28359375 0.0515625 0.16171875
1 0.7015625 0.56484375 0.08828125 0.21015625
1 0.96015625 0.490625 0.0796875 0.259375
1 0.79296875 0.2828125 0.078125 0.17421875
1 0.72578125 0.15546875 0.0640625 0.17578125
1 0.66015625 0.046875 0.0671875 0.09375
1 0.52734375 0.034375 0.0546875 0.06875
1 0.51796875 0.1515625 0.0859375 0.20546875
1 0.4640625 0.04921875 0.06875 0.09765625
1 0.2046875 0.01875 0.06875 0.0375
1 0.1625 0.1109375 0.08515625 0.12890625
1 0.30703125 0.2171875 0.09375 0.18515625
1 0.0875 0.30859375 0.1375 0.203125
1 0.25859375 0.503125 0.121875 0.2828125