1 0.37890625 0.81484375 0.25 0.36484375
1 0.790625 0.45078125 0.1140625 0.23046875
1 0.28828125 0.4828125 0.171875 0.346875
1 0.3828125 0.16640625 0.11015625 0.23125
1 0.94375 0.65625 0.11015625 0.6765625
1 0.49921875 0.29609375 0.078125 0.26640625
1 0.19296875 0.59296875 0.35078125 0.56796875
1 0.4625 0.25625 0.05546875 0.221875
1 0.56015625 0.403125 0.11171875 0.3609375
1 0.68984375 0.2203125 0.04765625 0.08984375
1 0.40859375 0.47421875 0.15390625 0.4046875
1 0.1609375 0.3078125 0.0859375 0.08984375
1 0.74921875 0.2765625 0.04453125 0.0515625
1 0.6875 0.23828125 0.0796875 0.1265625
1 0.5 0.5015625 0.99140625 0.9875