1 0.2171875 0.09375 0.078125 0.13984375
1 0.153125 0.2234375 0.08515625 0.16484375
1 0.3859375 0.2234375 0.08671875 0.2015625
1 0.040625 0.4046875 0.08125 0.290625
1 0.33125 0.48203125 0.1296875 0.296875
1 0.2359375 0.91796875 0.17578125 0.16328125
1 0.56953125 0.01328125 0.05 0.0265625
1 0.7203125 0.034375 0.07109375 0.05859375
1 0.596875 0.10234375 0.0671875 0.134375
1 0.7890625 0.1109375 0.0859375 0.1421875
1 0.63515625 0.25625 0.0859375 0.203125
1 0.83828125 0.296875 0.08515625 0.18359375
1 0.74453125 0.54765625 0.1015625 0.234375
1 0.978125 0.49609375 0.04296875 0.2546875