1 0.13203125 0.35234375 0.07109375 0.12421875
1 0.2796875 0.48828125 0.15859375 0.28203125
1 0.3609375 0.3734375 0.07890625 0.16640625
1 0.2890625 0.23671875 0.03984375 0.1046875
1 0.37421875 0.28671875 0.084375 0.1265625
1 0.84609375 0.37734375 0.078125 0.1515625
1 0.73828125 0.31640625 0.11015625 0.1484375
1 0.6640625 0.21875 0.08828125 0.08203125
1 0.55390625 0.29296875 0.05859375 0.065625
1 0.4609375 0.2375 0.0671875 0.0921875
1 0.52734375 0.21875 0.04921875 0.0640625
1 0.32734375 0.1703125 0.065625 0.1234375
1 0.41875 0.178125 0.03828125 0.09765625
1 0.38125 0.1359375 0.03671875 0.1046875
1 0.56953125 0.12421875 0.05234375 0.06484375
1 0.24453125 0.27578125 0.05390625 0.11484375