1 0.66953125 0.68984375 0.2390625 0.61484375
1 0.8890625 0.5796875 0.21953125 0.4703125
1 0.1109375 0.41015625 0.20546875 0.4484375
1 0.278125 0.65234375 0.3453125 0.6890625
1 0.76328125 0.396875 0.153125 0.4375
1 0.69609375 0.18359375 0.1046875 0.3375
1 0.525 0.209375 0.12421875 0.3859375
1 0.57734375 0.4703125 0.18203125 0.66484375
1 0.1796875 0.16796875 0.13203125 0.29296875
1 0.33515625 0.49609375 0.17734375 0.75546875
1 0.17265625 0.91796875 0.203125 0.1609375
1 0.0703125 0.66875 0.140625 0.6546875
1 0.2359375 0.07890625 0.10234375 0.1578125
1 0.6453125 0.0765625 0.090625 0.15234375
1 0.45 0.18125 0.096875 0.3625
1 0.49921875 0.49921875 0.99609375 0.99453125
1 0.51953125 0.0640625 0.07421875 0.128125