1 0.38203125 0.17890625 0.034375 0.08671875
1 0.33046875 0.25703125 0.0375 0.05546875
1 0.31171875 0.2921875 0.0546875 0.075
1 0.3921875 0.296875 0.0390625 0.04453125
1 0.390625 0.33828125 0.053125 0.090625
1 0.32421875 0.42734375 0.0765625 0.1140625
1 0.25625 0.34765625 0.04453125 0.0234375
1 0.13828125 0.37890625 0.05546875 0.06953125
1 0.2203125 0.50703125 0.125 0.16015625
1 0.02109375 0.565625 0.04140625 0.1953125
1 0.2609375 0.88359375 0.31015625 0.2328125
1 0.54609375 0.28046875 0.05078125 0.06015625
1 0.56484375 0.30859375 0.04296875 0.0578125
1 0.5484375 0.3640625 0.0734375 0.08515625
1 0.63359375 0.2796875 0.03671875 0.03671875
1 0.66953125 0.278125 0.0390625 0.0921875
1 0.728125 0.34375 0.0609375 0.06796875
1 0.78515625 0.46171875 0.06796875 0.1390625
1 0.9734375 0.53515625 0.053125 0.2640625
1 0.44921875 0.3328125 0.0578125 0.16171875