1 0.74296875 0.50078125 0.2265625 0.6734375
1 0.52890625 0.0921875 0.090625 0.15625
1 0.44765625 0.2609375 0.1265625 0.278125
1 0.35234375 0.0421875 0.021875 0.0421875
1 0.43125 0.0421875 0.03984375 0.05546875
1 0.32890625 0.07890625 0.040625 0.0578125
1 0.30390625 0.1421875 0.04609375 0.084375
1 0.36484375 0.25703125 0.0390625 0.08125
1 0.2734375 0.2703125 0.07109375 0.15234375
1 0.1421875 0.47890625 0.0859375 0.21796875
1 0.25078125 0.790625 0.09140625 0.2078125
1 0.03359375 0.73359375 0.0671875 0.2390625