1 0.403125 0.23203125 0.0546875 0.08828125
1 0.3203125 0.334375 0.0328125 0.0484375
1 0.39609375 0.3640625 0.040625 0.03125
1 0.38671875 0.4015625 0.0671875 0.065625
1 0.340625 0.4796875 0.0703125 0.11953125
1 0.25546875 0.409375 0.0546875 0.05390625
1 0.15625 0.43671875 0.12265625 0.075
1 0.20390625 0.5578125 0.1265625 0.17890625
1 0.26640625 0.9515625 0.3296875 0.096875
1 0.02109375 0.61875 0.0421875 0.11015625
1 0.97578125 0.62578125 0.0484375 0.228125
1 0.82421875 0.49609375 0.1078125 0.0640625
1 0.75 0.421875 0.0703125 0.08125
1 0.68125 0.34296875 0.05625 0.06171875
1 0.6578125 0.3390625 0.03203125 0.0390625
1 0.575 0.34609375 0.059375 0.0515625
1 0.5921875 0.4234375 0.08359375 0.08515625
1 0.546875 0.33984375 0.03515625 0.03671875