1 0.7453125 0.721875 0.26796875 0.553125
1 0.3171875 0.659375 0.29765625 0.675
1 0.16328125 0.39375 0.19921875 0.4234375
1 0.3859375 0.38125 0.2078125 0.559375
1 0.9171875 0.6875 0.16328125 0.61796875
1 0.2234375 0.17265625 0.16015625 0.30546875
1 0.7625 0.1890625 0.13046875 0.321875
1 0.2421875 0.9125 0.22890625 0.17109375
1 0.8203125 0.32890625 0.14296875 0.26015625
1 0.64140625 0.56875 0.18046875 0.8546875
1 0.7109375 0.071875 0.1 0.14375
1 0.06171875 0.77734375 0.1234375 0.4390625
1 0.575 0.3890625 0.15625 0.709375
1 0.56875 0.10078125 0.1015625 0.2015625
1 0.5 0.5 0.99296875 0.99453125
1 0.58515625 0.20703125 0.13203125 0.346875