1 0.15625 0.23046875 0.12265625 0.18515625
1 0.35234375 0.2125 0.1125 0.1921875
1 0.22890625 0.06953125 0.10390625 0.1390625
1 0.7453125 0.01171875 0.046875 0.01953125
1 0.65234375 0.08125 0.07734375 0.13203125
1 0.79296875 0.071875 0.0765625 0.1390625
1 0.67578125 0.21484375 0.090625 0.20859375
1 0.865625 0.2734375 0.0953125 0.18515625
1 0.7890625 0.5203125 0.09453125 0.253125
1 0.34765625 0.4640625 0.11640625 0.2953125
1 0.06171875 0.3875 0.1234375 0.3546875
1 0.20234375 0.8875 0.2046875 0.225
1 0.9640625 0.4640625 0.071875 0.28359375