1 0.65546875 0.34453125 0.05078125 0.0984375
1 0.6609375 0.2453125 0.08671875 0.11796875
1 0.7 0.32265625 0.0578125 0.07578125
1 0.76953125 0.34140625 0.06640625 0.1078125
1 0.68046875 0.4296875 0.0796875 0.1078125
1 0.7484375 0.48125 0.09609375 0.1484375
1 0.86640625 0.446875 0.078125 0.1828125
1 0.9734375 0.565625 0.053125 0.240625
1 0.52734375 0.1125 0.10390625 0.22421875
1 0.5890625 0.0671875 0.0421875 0.13359375
1 0.31953125 0.2984375 0.03671875 0.05390625
1 0.2875 0.3703125 0.05546875 0.07578125
1 0.334375 0.475 0.05546875 0.11796875
1 0.1859375 0.4421875 0.09609375 0.1140625
1 0.25546875 0.60234375 0.1265625 0.21640625
1 0.03125 0.71171875 0.0625 0.3515625