1 0.31796875 0.659375 0.36015625 0.6765625
1 0.42734375 0.52421875 0.10078125 0.41875
1 0.784375 0.41875 0.13984375 0.20703125
1 0.33515625 0.184375 0.05390625 0.16328125
1 0.1359375 0.30625 0.08515625 0.0890625
1 0.4765625 0.2828125 0.0828125 0.271875
1 0.43046875 0.2015625 0.0625 0.1375
1 0.6796875 0.19140625 0.05 0.08203125
1 0.72890625 0.25625 0.053125 0.053125
1 0.91328125 0.3234375 0.0625 0.16484375
1 0.2734375 0.20390625 0.05 0.0453125
1 0.54296875 0.3671875 0.13203125 0.35
1 0.5203125 0.16328125 0.03984375 0.0625
1 0.7015625 0.309375 0.1078125 0.16015625
1 0.57734375 0.23515625 0.06171875 0.08671875
1 0.37265625 0.246875 0.06171875 0.05625
1 0.55703125 0.203125 0.046875 0.06796875