1 0.45390625 0.196875 0.24921875 0.39375
1 0.65625 0.08671875 0.04375 0.05546875
1 0.59765625 0.13046875 0.053125 0.06015625
1 0.6796875 0.1296875 0.05859375 0.07734375
1 0.74765625 0.1453125 0.0671875 0.10390625
1 0.67421875 0.24453125 0.078125 0.10234375
1 0.68359375 0.184375 0.053125 0.06796875
1 0.85390625 0.22109375 0.0984375 0.09453125
1 0.796875 0.31328125 0.12578125 0.16640625
1 0.2828125 0.21796875 0.0546875 0.10390625
1 0.16484375 0.2671875 0.09375 0.13671875
1 0.2453125 0.409375 0.1140625 0.18515625
1 0.03515625 0.47890625 0.0703125 0.1296875