1 0.025 0.41640625 0.05 0.284375
1 0.3140625 0.47421875 0.0734375 0.2046875
1 0.275 0.2765625 0.075 0.1484375
1 0.12578125 0.26875 0.0890625 0.209375
1 0.19765625 0.10390625 0.071875 0.11484375
1 0.7703125 0.5390625 0.08828125 0.1734375
1 0.97265625 0.4859375 0.05390625 0.2359375
1 0.82890625 0.28984375 0.0703125 0.18984375
1 0.68203125 0.27734375 0.0890625 0.16484375
1 0.76796875 0.084375 0.06171875 0.11640625
1 0.72265625 0.0265625 0.059375 0.05234375
1 0.6078125 0.12265625 0.07109375 0.1046875
1 0.5859375 0.01484375 0.059375 0.0296875