1 0.3515625 0.8375 0.2546875 0.321875
1 0.24609375 0.5421875 0.175 0.275
1 0.37578125 0.27421875 0.1140625 0.209375
1 0.7859375 0.534375 0.11328125 0.22421875
1 0.4125 0.59609375 0.14140625 0.44921875
1 0.16328125 0.4046875 0.08046875 0.0921875
1 0.55 0.49453125 0.1078125 0.34765625
1 0.690625 0.3125 0.05078125 0.07890625
1 0.50703125 0.3390625 0.04921875 0.1671875
1 0.4484375 0.340625 0.06796875 0.18125
1 0.734375 0.3734375 0.0515625 0.05703125
1 0.79375 0.478125 0.096875 0.11328125
1 0.709375 0.4234375 0.1015625 0.159375