1 0.24296875 0.5125 0.165625 0.2109375
1 0.11796875 0.39921875 0.08203125 0.09921875
1 0.2484375 0.34609375 0.06015625 0.04375
1 0.35625 0.440625 0.090625 0.1453125
1 0.2796875 0.29765625 0.0484375 0.0609375
1 0.3265625 0.23515625 0.05 0.1015625
1 0.3734375 0.33828125 0.0625 0.0828125
1 0.3890625 0.303125 0.053125 0.053125
1 0.37734375 0.2078125 0.0328125 0.06015625
1 0.41015625 0.25546875 0.0390625 0.06796875
1 0.4796875 0.2828125 0.065625 0.07265625
1 0.8359375 0.43828125 0.08828125 0.08515625
1 0.721875 0.3390625 0.0625 0.0703125
1 0.565625 0.3296875 0.07421875 0.08828125
1 0.665625 0.278125 0.0625 0.09140625
1 0.63984375 0.271875 0.01953125 0.04609375
1 0.5421875 0.284375 0.05625 0.0390625
1 0.5671875 0.18515625 0.0484375 0.07578125