1 0.571875 0.3609375 0.05078125 0.06328125
1 0.8578125 0.509375 0.08515625 0.07734375
1 0.67109375 0.35390625 0.04921875 0.08828125
1 0.82109375 0.59375 0.16796875 0.2453125
1 0.18671875 0.57421875 0.1375 0.221875
1 0.1546875 0.46015625 0.0859375 0.09765625
1 0.3890625 0.22890625 0.0375 0.05546875
1 0.353125 0.4875 0.078125 0.128125
1 0.7203125 0.409375 0.053125 0.0734375
1 0.5734375 0.403125 0.0546875 0.078125
1 0.375 0.3109375 0.11796875 0.22421875
1 0.3015625 0.38125 0.0671875 0.11953125
1 0.25859375 0.41328125 0.0453125 0.028125
1 0.3390625 0.92265625 0.27109375 0.14765625
1 0.70078125 0.46171875 0.10078125 0.1828125
1 0.646875 0.3515625 0.0140625 0.02890625
1 0.45703125 0.39453125 0.06484375 0.2046875
1 0.2953125 0.36171875 0.0421875 0.0546875
1 0.9625 0.765625 0.075 0.43125