1 0.390625 0.19140625 0.04609375 0.0671875
1 0.3171875 0.28359375 0.0359375 0.04765625
1 0.28828125 0.31875 0.04140625 0.07109375
1 0.38984375 0.3203125 0.046875 0.0265625
1 0.39609375 0.35625 0.04765625 0.0515625
1 0.25 0.36953125 0.078125 0.05625
1 0.30703125 0.453125 0.1140625 0.1046875
1 0.1921875 0.440625 0.084375 0.10859375
1 0.1796875 0.5859375 0.18828125 0.246875
1 0.19765625 0.91875 0.3125 0.1625
1 0.0203125 0.646875 0.040625 0.16796875
1 0.5484375 0.290625 0.03359375 0.02734375
1 0.58984375 0.3203125 0.06953125 0.08671875
1 0.57109375 0.3453125 0.084375 0.0671875
1 0.62734375 0.28671875 0.04296875 0.04296875
1 0.67265625 0.3 0.0546875 0.06953125
1 0.7375 0.37578125 0.065625 0.08515625
1 0.85234375 0.46484375 0.04921875 0.0484375
1 0.46328125 0.34921875 0.06640625 0.21171875