1 0.23046875 0.43984375 0.11953125 0.29453125
1 0.653125 0.54453125 0.11875 0.24296875
1 0.915625 0.534375 0.12578125 0.278125
1 0.76796875 0.340625 0.08046875 0.20234375
1 0.5546875 0.27890625 0.09140625 0.2078125
1 0.6828125 0.146875 0.075 0.12734375
1 0.66875 0.05234375 0.059375 0.09921875
1 0.51640625 0.11953125 0.05625 0.1328125
1 0.5296875 0.01875 0.04296875 0.03671875
1 0.271875 0.21328125 0.09921875 0.17734375
1 0.05234375 0.234375 0.09921875 0.2421875
1 0.16953125 0.1046875 0.08125 0.1625
1 0.08984375 0.90234375 0.1796875 0.18984375
1 0.4578125 0.034375 0.0609375 0.0640625