1 0.2296875 0.446875 0.14921875 0.23046875
1 0.371875 0.8171875 0.23671875 0.35703125
1 0.73125 0.28515625 0.053125 0.053125
1 0.57734375 0.27109375 0.05625 0.08046875
1 0.71640625 0.34609375 0.0921875 0.17421875
1 0.80078125 0.37890625 0.09453125 0.08828125
1 0.378125 0.08125 0.03984375 0.06484375
1 0.93828125 0.6640625 0.12265625 0.640625
1 0.7921875 0.45390625 0.11640625 0.234375
1 0.55859375 0.228125 0.0515625 0.06953125
1 0.384375 0.359375 0.07734375 0.1359375
1 0.67109375 0.22109375 0.05546875 0.08671875
1 0.978125 0.4734375 0.04296875 0.26796875
1 0.6703125 0.28359375 0.0796875 0.21875
1 0.14921875 0.32734375 0.0890625 0.10546875
1 0.3890625 0.2703125 0.059375 0.0671875
1 0.453125 0.2640625 0.04296875 0.1953125
1 0.25078125 0.27734375 0.059375 0.05
1 0.31171875 0.22109375 0.04609375 0.06171875