1 0.24609375 0.4328125 0.1140625 0.20078125
1 0.37578125 0.15859375 0.1984375 0.27890625
1 0.84765625 0.26328125 0.078125 0.0859375
1 0.80078125 0.3828125 0.1671875 0.184375
1 0.56171875 0.95703125 0.25078125 0.07890625
1 0.9625 0.5078125 0.075 0.4921875
1 0.040625 0.5421875 0.08125 0.296875
1 0.73828125 0.19375 0.0625 0.06484375
1 0.740625 0.24296875 0.109375 0.1640625
1 0.6421875 0.29921875 0.07578125 0.1234375
1 0.16953125 0.31015625 0.1015625 0.13046875
1 0.66796875 0.20078125 0.04609375 0.10234375