1 0.6578125 0.67734375 0.240625 0.63984375
1 0.22421875 0.65703125 0.30390625 0.67890625
1 0.08515625 0.421875 0.16953125 0.4375
1 0.14296875 0.1796875 0.128125 0.30625
1 0.72578125 0.31796875 0.13828125 0.33671875
1 0.90234375 0.68046875 0.19296875 0.6359375
1 0.65390625 0.165625 0.09296875 0.3296875
1 0.30390625 0.3875 0.171875 0.5609375
1 0.48203125 0.409375 0.12890625 0.81171875
1 0.553125 0.5609375 0.17890625 0.865625
1 0.16015625 0.9296875 0.24609375 0.13671875
1 0.40625 0.09765625 0.084375 0.19453125
1 0.49921875 0.49921875 0.99453125 0.9953125
1 0.60546875 0.06796875 0.07578125 0.1359375
1 0.91328125 0.5453125 0.15390625 0.49609375
1 0.77421875 0.56171875 0.4375 0.5328125