1 0.128125 0.1453125 0.12265625 0.1375
1 0.30546875 0.2484375 0.09296875 0.17421875
1 0.23046875 0.50546875 0.15078125 0.2515625
1 0.053125 0.33046875 0.10625 0.21875
1 0.67265625 0.53828125 0.0875 0.17109375
1 0.94609375 0.4984375 0.1078125 0.30234375
1 0.7609375 0.31015625 0.08671875 0.16875
1 0.56796875 0.30390625 0.065625 0.18828125
1 0.678125 0.1328125 0.06171875 0.13203125
1 0.50234375 0.16484375 0.0828125 0.10859375
1 0.64296875 0.04453125 0.07421875 0.0890625
1 0.5203125 0.02734375 0.05 0.0546875
1 0.4484375 0.03828125 0.05625 0.07578125
1 0.2015625 0.03984375 0.07421875 0.0796875