1 0.2984375 0.4046875 0.31953125 0.34296875
1 0.16875 0.2359375 0.12109375 0.1859375
1 0.3734375 0.11484375 0.22578125 0.2234375
1 0.0484375 0.46328125 0.09609375 0.30078125
1 0.753125 0.09375 0.06640625 0.0734375
1 0.12578125 0.38671875 0.12109375 0.1859375
1 0.553125 0.89765625 0.28359375 0.1890625
1 0.7625 0.1734375 0.10859375 0.1
1 0.91875 0.46015625 0.1625 0.91953125
1 0.690625 0.0796875 0.0390625 0.03125
1 0.67890625 0.175 0.05234375 0.128125
1 0.6625 0.04375 0.0375 0.0796875
1 0.03203125 0.93046875 0.06328125 0.134375
1 0.24921875 0.14765625 0.03515625 0.06953125
1 0.6984375 0.10546875 0.05703125 0.0453125
1 0.6296875 0.040625 0.028125 0.08046875