1 0.22578125 0.40859375 0.15390625 0.18359375
1 0.14765625 0.29921875 0.0875 0.1046875
1 0.33203125 0.3375 0.0703125 0.07890625
1 0.25078125 0.265625 0.065625 0.05390625
1 0.36796875 0.25859375 0.05078125 0.06796875
1 0.3 0.2171875 0.05546875 0.06171875
1 0.2921875 0.13515625 0.04453125 0.06328125
1 0.425 0.16640625 0.03828125 0.0734375
1 0.48125 0.1953125 0.04375 0.05546875
1 0.55546875 0.21328125 0.0625 0.04609375
1 0.66796875 0.20234375 0.04765625 0.06015625
1 0.6 0.26484375 0.071875 0.0671875
1 0.7203125 0.2734375 0.053125 0.06015625
1 0.871875 0.365625 0.07890625 0.08046875