1 0.315625 0.81484375 0.18671875 0.36484375
1 0.71484375 0.3609375 0.48125 0.64140625
1 0.0984375 0.834375 0.19609375 0.32734375
1 0.76328125 0.56953125 0.46875 0.853125
1 0.25390625 0.60078125 0.16484375 0.41015625
1 0.3859375 0.22578125 0.07421875 0.215625
1 0.46875 0.19296875 0.18125 0.384375
1 0.8984375 0.56953125 0.2 0.85078125
1 0.7140625 0.23359375 0.07734375 0.1890625
1 0.48515625 0.771875 0.24921875 0.4515625
1 0.39453125 0.534375 0.10625 0.33828125
1 0.58671875 0.50078125 0.81015625 0.9859375
1 0.30703125 0.41875 0.1515625 0.41875
1 0.34375 0.35546875 0.08203125 0.2921875