1 0.2828125 0.66640625 0.3671875 0.66171875
1 0.85546875 0.3640625 0.078125 0.059375
1 0.378125 0.51640625 0.21328125 0.42734375
1 0.12265625 0.32421875 0.08671875 0.0796875
1 0.65078125 0.21796875 0.10234375 0.140625
1 0.87890625 0.275 0.07109375 0.14375
1 0.428125 0.2640625 0.07265625 0.19453125
1 0.31640625 0.34921875 0.0890625 0.09375
1 0.5453125 0.38125 0.12421875 0.34375
1 0.73046875 0.2703125 0.05234375 0.04765625
1 0.35703125 0.25546875 0.05859375 0.0640625
1 0.27578125 0.21953125 0.0453125 0.0421875
1 0.8046875 0.43828125 0.18046875 0.20703125
1 0.296875 0.20234375 0.08671875 0.15546875
1 0.3890625 0.359375 0.12421875 0.271875
1 0.47734375 0.31796875 0.07890625 0.30546875
1 0.86171875 0.2625 0.0375 0.14765625