1 0.421875 0.2140625 0.05390625 0.06328125
1 0.49140625 0.2515625 0.06484375 0.071875
1 0.5515625 0.2421875 0.04296875 0.0515625
1 0.66484375 0.23828125 0.06171875 0.05625
1 0.58046875 0.27109375 0.05859375 0.0640625
1 0.7171875 0.29453125 0.053125 0.05390625
1 0.8671875 0.41484375 0.096875 0.13359375
1 0.38203125 0.25546875 0.04140625 0.04296875
1 0.375 0.3015625 0.05 0.06171875
1 0.303125 0.36796875 0.06015625 0.09609375
1 0.24765625 0.296875 0.0421875 0.05234375
1 0.30078125 0.2609375 0.04296875 0.04453125
1 0.2765625 0.2015625 0.0390625 0.06953125
1 0.103125 0.33359375 0.0765625 0.08125
1 0.25078125 0.5078125 0.23515625 0.29375