1 0.37734375 0.16640625 0.06953125 0.07578125
1 0.44375 0.240625 0.046875 0.075
1 0.4015625 0.31640625 0.05390625 0.04765625
1 0.31875 0.28515625 0.059375 0.0734375
1 0.36875 0.4 0.059375 0.1140625
1 0.16953125 0.3859375 0.0921875 0.1046875
1 0.26953125 0.34296875 0.05859375 0.05625
1 0.26015625 0.4875 0.13828125 0.15390625
1 0.03125 0.559375 0.0625 0.2625
1 0.35859375 0.859375 0.2109375 0.28125
1 0.58671875 0.34765625 0.04921875 0.090625
1 0.58671875 0.28046875 0.0375 0.059375
1 0.6984375 0.2875 0.0484375 0.1
1 0.66953125 0.275 0.02421875 0.040625
1 0.7625 0.3578125 0.06875 0.0828125
1 0.8046875 0.46171875 0.07578125 0.0984375
1 0.49609375 0.28984375 0.028125 0.04609375