1 0.8734375 0.3078125 0.165625 0.17421875
1 0.3890625 0.121875 0.21015625 0.24296875
1 0.24375 0.4234375 0.12109375 0.20234375
1 0.04609375 0.48671875 0.09140625 0.29140625
1 0.75703125 0.12109375 0.07265625 0.0703125
1 0.8640625 0.18828125 0.08984375 0.0984375
1 0.5640625 0.95703125 0.27265625 0.0828125
1 0.675 0.128125 0.0546875 0.06796875
1 0.64375 0.215625 0.0765625 0.109375
1 0.2671875 0.17890625 0.03828125 0.06953125
1 0.159375 0.25234375 0.10859375 0.1296875
1 0.253125 0.25234375 0.09765625 0.096875
1 0.75625 0.15 0.11953125 0.12734375
1 0.728125 0.35625 0.14453125 0.25
1 0.6625 0.0609375 0.02890625 0.07421875