1 0.58828125 0.06015625 0.1171875 0.1203125
1 0.84296875 0.23984375 0.07734375 0.07890625
1 0.0421875 0.515625 0.084375 0.290625
1 0.7453125 0.17421875 0.06171875 0.04921875
1 0.803125 0.35234375 0.16640625 0.1890625
1 0.2484375 0.4125 0.146875 0.1921875
1 0.75078125 0.21484375 0.0984375 0.1421875
1 0.440625 0.10078125 0.18828125 0.2
1 0.26015625 0.21171875 0.053125 0.05859375
1 0.975 0.428125 0.05 0.26875
1 0.171875 0.28515625 0.10234375 0.13984375
1 0.3125 0.30625 0.059375 0.09765625
1 0.665625 0.18984375 0.05859375 0.12265625