1 0.7421875 0.7 0.25234375 0.59375
1 0.34609375 0.66015625 0.2625 0.6734375
1 0.1859375 0.4140625 0.1890625 0.4859375
1 0.40625 0.378125 0.20234375 0.56640625
1 0.10390625 0.62734375 0.2078125 0.7359375
1 0.7796875 0.19453125 0.1125 0.32890625
1 0.25859375 0.16484375 0.10859375 0.30078125
1 0.84140625 0.32890625 0.165625 0.26640625
1 0.92265625 0.74296875 0.15234375 0.50859375
1 0.72109375 0.075 0.090625 0.15
1 0.2578125 0.9125 0.21953125 0.171875
1 0.65625 0.57109375 0.1796875 0.8484375
1 0.5890625 0.12421875 0.13515625 0.246875
1 0.5875 0.4046875 0.16015625 0.678125
1 0.59765625 0.23515625 0.13515625 0.33984375
1 0.11953125 0.14453125 0.06953125 0.14375
1 0.4984375 0.49921875 0.99453125 0.9953125
1 0.1078125 0.20703125 0.09921875 0.2703125