1 0.33359375 0.04609375 0.06796875 0.0921875
1 0.29765625 0.16953125 0.07421875 0.13203125
1 0.20859375 0.34296875 0.1109375 0.178125
1 0.08984375 0.478125 0.1484375 0.27265625
1 0.37109375 0.515625 0.125 0.265625
1 0.45390625 0.29296875 0.0765625 0.18125
1 0.83828125 0.5625 0.09140625 0.234375
1 0.91015625 0.30078125 0.0765625 0.15625
1 0.71171875 0.2953125 0.065625 0.14921875
1 0.85234375 0.14375 0.05234375 0.11796875
1 0.6875 0.1671875 0.05 0.109375
1 0.80546875 0.05078125 0.05859375 0.09296875
1 0.65546875 0.03046875 0.0546875 0.0609375
1 0.5828125 0.04140625 0.0828125 0.0828125
1 0.72265625 0.01875 0.0421875 0.0375
1 0.321875 0.94375 0.2265625 0.11171875