1 0.25625 0.89140625 0.33359375 0.21328125
1 0.3125 0.66875 0.3265625 0.6546875
1 0.3953125 0.51484375 0.18671875 0.475
1 0.3546875 0.1578125 0.09296875 0.18203125
1 0.85234375 0.37109375 0.0828125 0.06875
1 0.73046875 0.2796875 0.053125 0.053125
1 0.44375 0.23671875 0.06015625 0.18125
1 0.6765625 0.2140625 0.04921875 0.08359375
1 0.184375 0.33125 0.08828125 0.08828125
1 0.80625 0.44453125 0.17578125 0.21875
1 0.490625 0.2859375 0.0734375 0.22734375
1 0.5671875 0.26953125 0.0546875 0.08203125
1 0.5765625 0.1859375 0.0546875 0.07265625