1 0.4078125 0.184375 0.26953125 0.36875
1 0.26640625 0.190625 0.04140625 0.0640625
1 0.1703125 0.28359375 0.1296875 0.16015625
1 0.25546875 0.44375 0.21640625 0.3390625
1 0.046875 0.515625 0.09375 0.21953125
1 0.71953125 0.3890625 0.16484375 0.20625
1 0.87421875 0.2078125 0.09765625 0.10390625
1 0.7671875 0.14453125 0.0640625 0.06015625
1 0.65625 0.2421875 0.06484375 0.08046875
1 0.6203125 0.1828125 0.05390625 0.02734375
1 0.62890625 0.10546875 0.0484375 0.059375
1 0.6546875 0.08359375 0.04453125 0.08671875
1 0.94296875 0.4953125 0.1140625 0.46640625
1 0.5484375 0.1578125 0.1078125 0.31484375