1 0.7171875 0.6828125 0.24609375 0.6296875
1 0.315625 0.65390625 0.28203125 0.68671875
1 0.1515625 0.41796875 0.18828125 0.43203125
1 0.9140625 0.6359375 0.17109375 0.5765625
1 0.8 0.39140625 0.1421875 0.42578125
1 0.3875 0.39453125 0.15390625 0.53125
1 0.09296875 0.6375 0.1859375 0.71875
1 0.7328125 0.18515625 0.0953125 0.3375
1 0.24296875 0.18828125 0.09765625 0.27421875
1 0.5515625 0.2953125 0.16171875 0.559375
1 0.684375 0.07421875 0.08125 0.1484375
1 0.62109375 0.48125 0.1828125 0.68671875
1 0.2359375 0.9265625 0.21640625 0.1421875
1 0.2796875 0.08203125 0.1 0.1640625
1 0.4890625 0.18203125 0.0921875 0.3640625
1 0.57109375 0.065625 0.10859375 0.13125
1 0.49921875 0.49921875 0.99609375 0.99375