1 0.3953125 0.11015625 0.2171875 0.2203125
1 0.221875 0.38359375 0.13828125 0.20859375
1 0.26328125 0.1859375 0.05 0.078125
1 0.5484375 0.92578125 0.2640625 0.140625
1 0.03828125 0.48828125 0.0765625 0.2796875
1 0.1609375 0.2609375 0.1078125 0.1453125
1 0.7484375 0.14140625 0.0640625 0.06484375
1 0.71796875 0.353125 0.14609375 0.23828125
1 0.63203125 0.2515625 0.07578125 0.11640625
1 0.66875 0.134375 0.03046875 0.04921875
1 0.6625 0.08359375 0.02421875 0.065625
1 0.2734375 0.31640625 0.040625 0.05234375
1 0.6078125 0.11484375 0.0578125 0.1390625
1 0.615625 0.36875 0.10859375 0.375
1 0.909375 0.41875 0.18046875 0.6171875