1 0.240625 0.43984375 0.15 0.1296875
1 0.13203125 0.328125 0.07109375 0.084375
1 0.36796875 0.34921875 0.08203125 0.08203125
1 0.80078125 0.37109375 0.0671875 0.09765625
1 0.7328125 0.26640625 0.06171875 0.0859375
1 0.67578125 0.20390625 0.05234375 0.0671875
1 0.56796875 0.259375 0.06328125 0.059375
1 0.3890625 0.30078125 0.090625 0.09921875
1 0.2671875 0.2015625 0.06796875 0.071875
1 0.2234375 0.28125 0.08984375 0.06484375
1 0.39140625 0.1203125 0.04609375 0.046875
1 0.32265625 0.16953125 0.0671875 0.07109375
1 0.42578125 0.16015625 0.04140625 0.0625
1 0.459375 0.23671875 0.0375 0.0640625
1 0.54140625 0.2203125 0.06484375 0.06796875
1 0.39453125 0.22734375 0.04140625 0.05