1 0.18984375 0.07734375 0.07578125 0.1328125
1 0.35390625 0.190625 0.09609375 0.20390625
1 0.29453125 0.4609375 0.128125 0.284375
1 0.0953125 0.25625 0.1015625 0.18125
1 0.03203125 0.42890625 0.059375 0.25078125
1 0.21171875 0.9171875 0.24921875 0.16484375
1 0.734375 0.53984375 0.1328125 0.30625
1 0.971875 0.46953125 0.05625 0.2796875
1 0.83515625 0.28203125 0.1046875 0.2
1 0.76796875 0.09453125 0.07890625 0.1453125
1 0.72890625 0.02265625 0.07890625 0.04453125
1 0.55234375 0.15 0.0796875 0.1375
1 0.65625 0.22890625 0.1140625 0.18515625
1 0.59453125 0.0203125 0.0578125 0.0359375