1 0.240625 0.90078125 0.228125 0.1984375
1 0.77578125 0.50859375 0.11875 0.26328125
1 0.365625 0.43046875 0.109375 0.32734375
1 0.05078125 0.42421875 0.09921875 0.38828125
1 0.1890625 0.2421875 0.10703125 0.20390625
1 0.4265625 0.1890625 0.07421875 0.221875
1 0.303125 0.09296875 0.0859375 0.1671875
1 0.69765625 0.23046875 0.09140625 0.20625
1 0.9140625 0.32109375 0.0859375 0.18203125
1 0.821875 0.09765625 0.06015625 0.1765625
1 0.64921875 0.08203125 0.08828125 0.13515625
1 0.79140625 0.021875 0.05625 0.0421875
1 0.571875 0.02890625 0.0625 0.05703125