1 0.2296875 0.4734375 0.109375 0.12421875
1 0.34296875 0.35078125 0.0546875 0.0875
1 0.13984375 0.321875 0.0765625 0.1140625
1 0.8484375 0.3609375 0.075 0.090625
1 0.7296875 0.2609375 0.05078125 0.0578125
1 0.67890625 0.20234375 0.046875 0.071875
1 0.57109375 0.2546875 0.05625 0.0703125
1 0.54296875 0.2046875 0.04140625 0.05078125
1 0.4765625 0.190625 0.0359375 0.0734375
1 0.4125 0.159375 0.0328125 0.0703125
1 0.58046875 0.0953125 0.03046875 0.040625
1 0.36328125 0.103125 0.03515625 0.05546875
1 0.2671875 0.21171875 0.04765625 0.046875
1 0.37890625 0.26640625 0.05703125 0.0546875
1 0.25 0.2640625 0.0578125 0.053125
1 0.390625 0.22734375 0.04375 0.06328125
1 0.29453125 0.13984375 0.0453125 0.0859375