1 0.7421875 0.69140625 0.25234375 0.6125
1 0.3828125 0.36796875 0.21328125 0.553125
1 0.15546875 0.4296875 0.2 0.51171875
1 0.81171875 0.40234375 0.14453125 0.42734375
1 0.91640625 0.66875 0.165625 0.65625
1 0.3359375 0.6515625 0.2875 0.69140625
1 0.7453125 0.178125 0.10234375 0.31796875
1 0.24140625 0.175 0.09609375 0.30859375
1 0.09765625 0.61796875 0.19453125 0.759375
1 0.53828125 0.4015625 0.10546875 0.6703125
1 0.184375 0.9109375 0.20390625 0.175
1 0.821875 0.07421875 0.04375 0.1484375
1 0.69140625 0.06953125 0.0890625 0.1390625
1 0.64140625 0.56484375 0.17578125 0.86328125
1 0.56875 0.103125 0.11875 0.20625
1 0.9234375 0.14921875 0.1015625 0.2484375
1 0.49921875 0.5 0.99453125 0.99453125