1 0.325 0.659375 0.3515625 0.6765625
1 0.47890625 0.29296875 0.07890625 0.28125
1 0.39453125 0.521875 0.175 0.44765625
1 0.80078125 0.4203125 0.17421875 0.1890625
1 0.12734375 0.3140625 0.08828125 0.0875
1 0.87578125 0.21484375 0.05 0.18671875
1 0.54765625 0.37421875 0.121875 0.34453125
1 0.32578125 0.1953125 0.04921875 0.16484375
1 0.43203125 0.21484375 0.06171875 0.16015625
1 0.72734375 0.259375 0.05390625 0.05703125
1 0.8453125 0.35703125 0.0828125 0.06171875
1 0.67421875 0.19921875 0.05078125 0.0828125
1 0.234375 0.16015625 0.04296875 0.1515625
1 0.70078125 0.3125 0.1078125 0.16328125
1 0.27421875 0.21171875 0.04609375 0.04140625