1 0.57578125 0.23203125 0.096875 0.3359375
1 0.56015625 0.0671875 0.0703125 0.13125
1 0.421875 0.28984375 0.0796875 0.1375
1 0.3328125 0.1875 0.07421875 0.11796875
1 0.3734375 0.10625 0.0546875 0.09453125
1 0.290625 0.29375 0.0671875 0.140625
1 0.3484375 0.4640625 0.05078125 0.11953125
1 0.2109375 0.5984375 0.13671875 0.32265625
1 0.29296875 0.871875 0.121875 0.25546875
1 0.07421875 0.81328125 0.14765625 0.2703125
1 0.678125 0.19140625 0.06015625 0.09453125
1 0.8671875 0.50625 0.26484375 0.77890625