1 0.2625 0.82890625 0.18671875 0.33828125
1 0.64765625 0.4015625 0.43828125 0.7015625
1 0.1828125 0.6390625 0.178125 0.425
1 0.88046875 0.58125 0.23671875 0.83203125
1 0.33515625 0.5484375 0.11640625 0.271875
1 0.3203125 0.2390625 0.08515625 0.21796875
1 0.34609375 0.15234375 0.0578125 0.1453125
1 0.6875 0.2890625 0.096875 0.1390625
1 0.2765625 0.36875 0.09921875 0.2796875
1 0.03359375 0.84453125 0.0671875 0.30546875
1 0.71484375 0.7625 0.3109375 0.46875
1 0.64921875 0.2375 0.05390625 0.16640625