1 0.5515625 0.3453125 0.03515625 0.03671875
1 0.56796875 0.359375 0.0234375 0.05625
1 0.6546875 0.3421875 0.02578125 0.03828125
1 0.671875 0.35078125 0.04375 0.0890625
1 0.5921875 0.40546875 0.059375 0.07109375
1 0.7265625 0.425 0.06875 0.0828125
1 0.8390625 0.51171875 0.06796875 0.08125
1 0.975 0.60546875 0.04921875 0.2640625
1 0.4609375 0.41171875 0.046875 0.14296875
1 0.38984375 0.22421875 0.04375 0.0890625
1 0.3328125 0.31015625 0.05 0.05390625
1 0.32109375 0.35625 0.0453125 0.075
1 0.359375 0.40234375 0.03828125 0.06171875
1 0.40390625 0.4078125 0.0375 0.09296875
1 0.2625 0.41015625 0.07109375 0.06953125
1 0.3484375 0.4859375 0.07890625 0.13671875
1 0.16171875 0.4609375 0.0921875 0.13671875
1 0.21796875 0.5875 0.1234375 0.21640625
1 0.0265625 0.61484375 0.05234375 0.15625
1 0.3109375 0.94765625 0.325 0.1046875