1 0.325 0.4890625 0.1265625 0.271875
1 0.12890625 0.2734375 0.10078125 0.18984375
1 0.040625 0.40703125 0.08046875 0.29765625
1 0.35703125 0.24609375 0.09296875 0.16875
1 0.209375 0.096875 0.0765625 0.1265625
1 0.76171875 0.51953125 0.0796875 0.22265625
1 0.965625 0.49296875 0.06875 0.2140625
1 0.85703125 0.28203125 0.0828125 0.165625
1 0.65234375 0.246875 0.0828125 0.16171875
1 0.76953125 0.096875 0.04921875 0.09375
1 0.60078125 0.11640625 0.053125 0.1109375
1 0.7234375 0.0265625 0.06796875 0.05234375
1 0.5953125 0.0171875 0.05625 0.034375