1 0.16953125 0.07890625 0.08671875 0.15
1 0.29375 0.196875 0.0875 0.20234375
1 0.5234375 0.1046875 0.08203125 0.13125
1 0.74609375 0.09375 0.078125 0.13515625
1 0.634375 0.2359375 0.08984375 0.18359375
1 0.82421875 0.27890625 0.1 0.1859375
1 0.9625 0.46015625 0.075 0.3046875
1 0.70859375 0.50625 0.14453125 0.2953125
1 0.26953125 0.47109375 0.12421875 0.32421875
1 0.203125 0.90078125 0.2765625 0.1984375
1 0.01640625 0.4796875 0.0328125 0.20859375
1 0.078125 0.26484375 0.125 0.20546875
1 0.55625 0.02265625 0.06875 0.0453125
1 0.675 0.03125 0.06640625 0.05859375