1 0.26015625 0.45546875 0.09609375 0.19296875
1 0.14140625 0.33125 0.07109375 0.08203125
1 0.34453125 0.3578125 0.06640625 0.090625
1 0.8375 0.38515625 0.08359375 0.084375
1 0.74609375 0.27421875 0.0703125 0.05546875
1 0.5734375 0.2640625 0.04375 0.06796875
1 0.67734375 0.203125 0.03671875 0.08828125
1 0.54765625 0.2234375 0.04140625 0.06875
1 0.57734375 0.10625 0.05546875 0.0828125
1 0.47734375 0.190625 0.04296875 0.07265625
1 0.41328125 0.184375 0.0453125 0.0734375
1 0.3765625 0.121875 0.0296875 0.05859375
1 0.2375 0.2734375 0.0578125 0.06796875
1 0.36015625 0.26328125 0.0515625 0.09921875
1 0.275 0.2140625 0.05234375 0.0734375
1 0.2921875 0.14609375 0.04140625 0.065625
1 0.37734375 0.21953125 0.034375 0.04375