1 0.36171875 0.4515625 0.07734375 0.18359375
1 0.784375 0.5109375 0.28046875 0.40234375
1 0.225 0.23515625 0.0703125 0.12421875
1 0.1078125 0.48046875 0.10078125 0.16875
1 0.359375 0.103125 0.03828125 0.0765625
1 0.3671875 0.03671875 0.0375 0.07109375
1 0.359375 0.203125 0.059375 0.12734375
1 0.2703125 0.115625 0.059375 0.11875
1 0.54453125 0.1640625 0.12578125 0.31640625
1 0.32109375 0.0078125 0.0203125 0.0140625
1 0.49765625 0.05078125 0.0609375 0.1015625
1 0.4328125 0.03125 0.03671875 0.06015625
1 0.25546875 0.725 0.14375 0.21875