1 0.365625 0.20859375 0.05234375 0.0734375
1 0.30234375 0.325 0.05234375 0.08515625
1 0.42265625 0.334375 0.03046875 0.03828125
1 0.390625 0.3640625 0.0703125 0.06171875
1 0.37421875 0.44453125 0.0609375 0.121875
1 0.26796875 0.3609375 0.04765625 0.065625
1 0.17265625 0.4109375 0.1078125 0.096875
1 0.24609375 0.53515625 0.1703125 0.2140625
1 0.02578125 0.5765625 0.0515625 0.1390625
1 0.4046875 0.87109375 0.27421875 0.25703125
1 0.821875 0.49609375 0.08984375 0.096875
1 0.7515625 0.3984375 0.059375 0.090625
1 0.70703125 0.35 0.071875 0.1140625
1 0.66796875 0.321875 0.0265625 0.03125
1 0.57890625 0.3375 0.0546875 0.06015625
1 0.58828125 0.40078125 0.075 0.090625
1 0.50859375 0.29453125 0.05234375 0.06953125
1 0.44609375 0.29765625 0.0328125 0.05390625