1 0.2203125 0.09375 0.08359375 0.13984375
1 0.35078125 0.215625 0.0890625 0.19921875
1 0.59921875 0.10078125 0.0578125 0.11640625
1 0.721875 0.03125 0.05546875 0.06171875
1 0.771875 0.1234375 0.0625 0.153125
1 0.64296875 0.25546875 0.0796875 0.16484375
1 0.83828125 0.28359375 0.0671875 0.1890625
1 0.7484375 0.521875 0.13046875 0.27578125
1 0.9734375 0.51015625 0.053125 0.246875
1 0.3421875 0.4984375 0.12421875 0.32890625
1 0.2203125 0.9109375 0.23046875 0.17734375
1 0.04375 0.4171875 0.0875 0.34140625
1 0.15625 0.246875 0.08828125 0.20703125