1 0.31875 0.14375 0.03671875 0.04375
1 0.27265625 0.2125 0.0375 0.0328125
1 0.378125 0.25625 0.071875 0.0703125
1 0.25 0.25703125 0.046875 0.071875
1 0.409375 0.36328125 0.07109375 0.109375
1 0.140625 0.32421875 0.075 0.059375
1 0.2578125 0.42109375 0.12265625 0.18828125
1 0.85703125 0.37109375 0.08125 0.05703125
1 0.74375 0.25859375 0.07890625 0.046875
1 0.58984375 0.2625 0.04921875 0.06875
1 0.6796875 0.19921875 0.04921875 0.0703125
1 0.5625 0.20703125 0.034375 0.05
1 0.4640625 0.20703125 0.0296875 0.0546875
1 0.42421875 0.18125 0.03828125 0.05390625
1 0.3640625 0.09140625 0.0375 0.05