1 0.35546875 0.809375 0.24609375 0.3765625
1 0.5375 0.41484375 0.13203125 0.40546875
1 0.15546875 0.3515625 0.09375 0.090625
1 0.778125 0.4703125 0.11484375 0.2296875
1 0.421875 0.5796875 0.12421875 0.515625
1 0.2 0.4625 0.16015625 0.20625
1 0.73046875 0.31328125 0.05234375 0.05234375
1 0.703125 0.36484375 0.10625 0.15625
1 0.37421875 0.19609375 0.13515625 0.234375
1 0.3203125 0.271875 0.0734375 0.1
1 0.1515625 0.67578125 0.3015625 0.634375
1 0.259375 0.303125 0.05390625 0.0375
1 0.7875 0.4140625 0.09609375 0.11640625
1 0.6734375 0.24921875 0.05703125 0.08515625