1 0.39296875 0.203125 0.0546875 0.1375
1 0.328125 0.28828125 0.03359375 0.05390625
1 0.3171875 0.34609375 0.0546875 0.0671875
1 0.39375 0.31640625 0.0515625 0.0578125
1 0.396875 0.37421875 0.0515625 0.07890625
1 0.33984375 0.44921875 0.084375 0.09453125
1 0.14453125 0.43359375 0.10703125 0.0984375
1 0.22265625 0.53125 0.1328125 0.20859375
1 0.2421875 0.9234375 0.20703125 0.153125
1 0.02265625 0.5984375 0.04453125 0.1390625
1 0.57578125 0.33515625 0.07109375 0.09296875
1 0.609375 0.384375 0.06875 0.08671875
1 0.68046875 0.31796875 0.06171875 0.08046875
1 0.7359375 0.39609375 0.06015625 0.08125
1 0.86796875 0.4921875 0.078125 0.10234375
1 0.9671875 0.60078125 0.06484375 0.11484375