1 0.26796875 0.44453125 0.140625 0.17109375
1 0.13359375 0.30234375 0.0765625 0.084375
1 0.33125 0.31875 0.07421875 0.0765625
1 0.86015625 0.35546875 0.06875 0.084375
1 0.7265625 0.24453125 0.03828125 0.05625
1 0.5765625 0.22890625 0.0484375 0.0703125
1 0.6765625 0.184375 0.046875 0.06796875
1 0.54375 0.19375 0.03984375 0.05625
1 0.46953125 0.17734375 0.03671875 0.0640625
1 0.41640625 0.1578125 0.034375 0.05625
1 0.2546875 0.24609375 0.05390625 0.040625
1 0.36171875 0.24453125 0.05390625 0.0640625
1 0.27734375 0.18671875 0.0453125 0.04453125
1 0.371875 0.2140625 0.03828125 0.04453125
1 0.3640625 0.07578125 0.028125 0.04296875
1 0.56640625 0.07890625 0.03671875 0.040625