1 0.23046875 0.08828125 0.06796875 0.13828125
1 0.1265625 0.2671875 0.09140625 0.18046875
1 0.39453125 0.21953125 0.08984375 0.18125
1 0.33203125 0.47421875 0.0984375 0.2421875
1 0.02578125 0.42578125 0.0515625 0.31015625
1 0.77578125 0.53203125 0.0984375 0.2359375
1 0.971875 0.475 0.05625 0.240625
1 0.83359375 0.25859375 0.08671875 0.1640625
1 0.66640625 0.24140625 0.065625 0.1515625
1 0.77109375 0.10390625 0.06640625 0.13671875
1 0.56953125 0.1375 0.05625 0.13046875
1 0.71875 0.02421875 0.08984375 0.0484375
1 0.57265625 0.0140625 0.05859375 0.02734375