1 0.7296875 0.69453125 0.24765625 0.6046875
1 0.32890625 0.6484375 0.296875 0.69609375
1 0.375 0.4015625 0.17734375 0.5765625
1 0.75546875 0.18125 0.10625 0.33125
1 0.8234375 0.3234375 0.1546875 0.284375
1 0.91640625 0.67890625 0.16484375 0.63671875
1 0.16796875 0.40234375 0.1921875 0.46328125
1 0.6984375 0.06796875 0.08203125 0.1359375
1 0.5875 0.2203125 0.12734375 0.40078125
1 0.2515625 0.9109375 0.20859375 0.175
1 0.23984375 0.1734375 0.12421875 0.31953125
1 0.096875 0.61796875 0.19296875 0.75625
1 0.6375 0.56171875 0.18359375 0.865625
1 0.55078125 0.28984375 0.13203125 0.578125
1 0.1078125 0.16875 0.134375 0.3375
1 0.5640625 0.103125 0.1 0.20625
1 0.49921875 0.5 0.99453125 0.99453125