1 0.1171875 0.59296875 0.234375 0.8046875
1 0.3609375 0.6296875 0.33125 0.734375
1 0.2203125 0.3484375 0.18046875 0.44375
1 0.7515625 0.70625 0.2546875 0.58203125
1 0.85078125 0.66875 0.296875 0.6125
1 0.86484375 0.36640625 0.15390625 0.346875
1 0.80234375 0.18671875 0.10078125 0.3296875
1 0.290625 0.1359375 0.12265625 0.27109375
1 0.440625 0.35859375 0.14609375 0.54375
1 0.6265625 0.19375 0.13671875 0.384375
1 0.26015625 0.884375 0.196875 0.22734375
1 0.66953125 0.36875 0.190625 0.47265625
1 0.759375 0.0765625 0.09609375 0.153125
1 0.55078125 0.1671875 0.08515625 0.334375
1 0.49921875 0.49921875 0.99765625 0.9953125