1 0.4375 0.071875 0.06484375 0.11328125
1 0.37421875 0.0921875 0.0578125 0.06796875
1 0.3828125 0.21796875 0.03359375 0.065625
1 0.38828125 0.26015625 0.06640625 0.0734375
1 0.35703125 0.35234375 0.0984375 0.140625
1 0.29140625 0.2140625 0.0578125 0.065625
1 0.253125 0.26953125 0.0734375 0.05234375
1 0.146875 0.30703125 0.10234375 0.0921875
1 0.20078125 0.40078125 0.13203125 0.165625
1 0.56171875 0.2015625 0.06796875 0.08828125
1 0.66640625 0.1953125 0.06171875 0.08671875
1 0.59140625 0.2671875 0.075 0.075
1 0.73671875 0.27734375 0.059375 0.0921875
1 0.8125 0.35546875 0.0828125 0.09609375