1 0.8203125 0.62578125 0.35859375 0.74765625
1 0.6125 0.28046875 0.1328125 0.3046875
1 0.59453125 0.075 0.07578125 0.10078125
1 0.53671875 0.0484375 0.03515625 0.05
1 0.48125 0.16015625 0.0265625 0.06796875
1 0.4953125 0.1203125 0.03125 0.05390625
1 0.43046875 0.125 0.034375 0.0484375
1 0.47265625 0.25234375 0.05546875 0.06796875
1 0.38359375 0.234375 0.08515625 0.0984375
1 0.3421875 0.31015625 0.059375 0.11953125
1 0.44765625 0.55703125 0.13671875 0.2140625
1 0.21953125 0.5234375 0.10546875 0.1546875
1 0.0890625 0.815625 0.1640625 0.32421875
1 0.36484375 0.83125 0.17734375 0.2078125