1 0.309375 0.65546875 0.315625 0.68359375
1 0.378125 0.53203125 0.21640625 0.49609375
1 0.13125 0.3140625 0.08515625 0.0828125
1 0.32578125 0.1921875 0.05 0.1671875
1 0.5421875 0.37421875 0.12578125 0.346875
1 0.7203125 0.25625 0.05234375 0.059375
1 0.7 0.378125 0.09609375 0.30625
1 0.86171875 0.121875 0.03046875 0.140625
1 0.275 0.21015625 0.04296875 0.0421875
1 0.80859375 0.43125 0.18671875 0.20625
1 0.8609375 0.35859375 0.08125 0.0609375
1 0.16640625 0.1546875 0.03515625 0.08359375
1 0.425 0.21484375 0.053125 0.140625
1 0.37734375 0.24921875 0.059375 0.06875
1 0.5765625 0.24296875 0.05546875 0.0828125
1 0.65 0.1875 0.10078125 0.09765625
1 0.478125 0.3140625 0.07890625 0.29765625