1 0.49140625 0.11328125 0.0984375 0.1828125
1 0.4546875 0.03515625 0.06875 0.05625
1 0.440625 0.09140625 0.04375 0.071875
1 0.3390625 0.07734375 0.0578125 0.08125
1 0.3734375 0.03515625 0.071875 0.06953125
1 0.303125 0.215625 0.09296875 0.1328125
1 0.4046875 0.21171875 0.0546875 0.0890625
1 0.39140625 0.40078125 0.1171875 0.19296875
1 0.23125 0.384375 0.12109375 0.1578125
1 0.309375 0.6859375 0.1859375 0.2875
1 0.07734375 0.7421875 0.15390625 0.3375
1 0.8453125 0.53203125 0.2890625 0.740625
1 0.69296875 0.04609375 0.034375 0.06328125
1 0.61640625 0.01484375 0.0734375 0.0296875