1 0.40390625 0.18671875 0.06640625 0.1296875
1 0.3015625 0.30625 0.0484375 0.0984375
1 0.33046875 0.24453125 0.03671875 0.07734375
1 0.40234375 0.35546875 0.0671875 0.165625
1 0.38671875 0.3390625 0.05078125 0.0734375
1 0.36875 0.44609375 0.09453125 0.15234375
1 0.265625 0.3359375 0.04375 0.06796875
1 0.10078125 0.378125 0.19921875 0.084375
1 0.196875 0.5046875 0.1453125 0.2296875
1 0.3703125 0.8421875 0.346875 0.315625
1 0.58203125 0.36328125 0.03828125 0.09453125
1 0.56484375 0.30234375 0.05390625 0.03515625
1 0.68203125 0.290625 0.0390625 0.0671875
1 0.74453125 0.3890625 0.0828125 0.125
1 0.81171875 0.47421875 0.08515625 0.10234375
1 0.9640625 0.6140625 0.071875 0.23359375
1 0.44453125 0.3 0.0546875 0.14609375