1 0.18671875 0.503125 0.10859375 0.146875
1 0.809375 0.4296875 0.08046875 0.06328125
1 0.23125 0.91484375 0.3171875 0.1703125
1 0.3796875 0.428125 0.0859375 0.1484375
1 0.15625 0.37421875 0.09375 0.09609375
1 0.2578125 0.3390625 0.059375 0.0484375
1 0.29609375 0.28203125 0.046875 0.05
1 0.4 0.18203125 0.08203125 0.11796875
1 0.45234375 0.353125 0.05859375 0.1421875
1 0.5609375 0.284375 0.06328125 0.04453125
1 0.653125 0.26328125 0.0296875 0.0328125
1 0.68046875 0.28359375 0.04140625 0.096875
1 0.57265625 0.34140625 0.0578125 0.1171875
1 0.978125 0.5609375 0.04375 0.33515625
1 0.015625 0.59609375 0.03046875 0.29296875