1 0.2484375 0.5296875 0.14453125 0.26875
1 0.11171875 0.428125 0.10546875 0.11953125
1 0.2546875 0.3703125 0.0609375 0.040625
1 0.3578125 0.45625 0.08515625 0.1296875
1 0.79453125 0.47109375 0.10390625 0.07734375
1 0.709375 0.365625 0.05390625 0.0828125
1 0.56484375 0.3515625 0.06484375 0.09609375
1 0.38671875 0.35546875 0.078125 0.084375
1 0.27421875 0.3203125 0.05390625 0.04765625
1 0.33984375 0.26953125 0.06015625 0.09765625
1 0.3796875 0.2265625 0.02734375 0.0703125
1 0.4296875 0.27890625 0.04765625 0.08359375
1 0.47109375 0.28125 0.0359375 0.06484375
1 0.54375 0.30390625 0.053125 0.06953125
1 0.66484375 0.30546875 0.053125 0.0859375
1 0.6390625 0.29296875 0.025 0.065625
1 0.57109375 0.196875 0.03203125 0.08125