1 0.72421875 0.69140625 0.24765625 0.6125
1 0.33828125 0.659375 0.28203125 0.675
1 0.16171875 0.43046875 0.19296875 0.509375
1 0.9125 0.6640625 0.1734375 0.66484375
1 0.3828125 0.375 0.20859375 0.55859375
1 0.09609375 0.63359375 0.19140625 0.725
1 0.746875 0.184375 0.09921875 0.33203125
1 0.81015625 0.4109375 0.15 0.4671875
1 0.23203125 0.17421875 0.11875 0.30078125
1 0.24453125 0.915625 0.21796875 0.16484375
1 0.69140625 0.0703125 0.08203125 0.140625
1 0.57109375 0.38359375 0.16171875 0.71875
1 0.6375 0.5640625 0.17734375 0.8625
1 0.09609375 0.18359375 0.10703125 0.275
1 0.49921875 0.49921875 0.99453125 0.9953125
1 0.5578125 0.1203125 0.11171875 0.23984375