1 0.309375 0.66796875 0.3609375 0.6578125
1 0.4578125 0.490625 0.16875 0.48515625
1 0.14453125 0.31875 0.10703125 0.0984375
1 0.7859375 0.40234375 0.1515625 0.1375
1 0.48046875 0.23828125 0.07265625 0.13046875
1 0.6734375 0.20625 0.0484375 0.0828125
1 0.72578125 0.2703125 0.053125 0.05625
1 0.27578125 0.21953125 0.04921875 0.0515625
1 0.5640625 0.24609375 0.08046875 0.1125
1 0.42734375 0.20390625 0.05 0.1
1 0.321875 0.1984375 0.03828125 0.15
1 0.87109375 0.178125 0.034375 0.12109375
1 0.47890625 0.178125 0.02578125 0.05390625
1 0.3546875 0.2609375 0.05625 0.05703125
1 0.9203125 0.1375 0.03359375 0.071875
1 0.6984375 0.3234375 0.10859375 0.1625
1 0.240625 0.26484375 0.04453125 0.03125