1 0.3265625 0.66328125 0.31640625 0.66484375
1 0.3015625 0.9015625 0.334375 0.19296875
1 0.4109375 0.56015625 0.15234375 0.51171875
1 0.84375 0.37421875 0.08203125 0.06953125
1 0.13515625 0.334375 0.08984375 0.09921875
1 0.38984375 0.2203125 0.11953125 0.315625
1 0.528125 0.4125 0.13984375 0.3546875
1 0.7328125 0.28515625 0.05390625 0.0515625
1 0.3 0.25 0.05859375 0.10078125
1 0.6671875 0.26875 0.08359375 0.1921875
1 0.671875 0.2171875 0.04609375 0.08671875
1 0.703125 0.3375 0.11328125 0.1578125
1 0.803125 0.44765625 0.16484375 0.2171875
1 0.5625 0.2265625 0.05078125 0.06328125
1 0.48828125 0.28125 0.06953125 0.19140625
1 0.56953125 0.27265625 0.05546875 0.075