1 0.21953125 0.084375 0.08046875 0.1453125
1 0.3328125 0.19296875 0.10234375 0.2015625
1 0.11640625 0.2515625 0.1078125 0.21640625
1 0.3125 0.48046875 0.1515625 0.33515625
1 0.23984375 0.9046875 0.21484375 0.190625
1 0.5515625 0.1125 0.06328125 0.1625
1 0.64609375 0.228125 0.09140625 0.1875
1 0.721875 0.52734375 0.11875 0.29609375
1 0.94921875 0.46640625 0.10078125 0.32265625
1 0.8203125 0.27578125 0.07578125 0.18984375
1 0.76484375 0.0859375 0.0828125 0.165625
1 0.7078125 0.03125 0.065625 0.0625
1 0.56875 0.03125 0.059375 0.0625