1 0.234375 0.49296875 0.1375 0.18515625
1 0.15546875 0.3265625 0.084375 0.11953125
1 0.3359375 0.37109375 0.1046875 0.09765625
1 0.8578125 0.3796875 0.084375 0.11015625
1 0.721875 0.2796875 0.0453125 0.0625
1 0.5953125 0.2890625 0.04765625 0.07109375
1 0.66171875 0.22734375 0.03671875 0.0765625
1 0.54765625 0.23671875 0.05625 0.06796875
1 0.49453125 0.15859375 0.03125 0.09140625
1 0.58046875 0.11015625 0.046875 0.071875
1 0.41015625 0.21953125 0.04140625 0.04765625
1 0.315625 0.175 0.028125 0.0734375
1 0.37578125 0.12890625 0.0328125 0.059375
1 0.26875 0.20703125 0.0328125 0.06484375
1 0.36171875 0.275 0.090625 0.084375
1 0.25859375 0.27421875 0.07421875 0.078125