1 0.72421875 0.690625 0.26015625 0.61328125
1 0.303125 0.65390625 0.2875 0.68671875
1 0.16640625 0.3828125 0.18671875 0.4421875
1 0.9140625 0.675 0.16953125 0.6453125
1 0.8203125 0.40859375 0.15546875 0.43671875
1 0.22890625 0.1671875 0.13984375 0.3015625
1 0.7609375 0.19140625 0.11796875 0.325
1 0.24609375 0.91484375 0.20703125 0.1671875
1 0.56796875 0.41015625 0.16875 0.78984375
1 0.63125 0.5640625 0.1765625 0.86328125
1 0.38984375 0.5328125 0.19921875 0.86015625
1 0.059375 0.775 0.11875 0.44375
1 0.69921875 0.06953125 0.0890625 0.1390625
1 0.5578125 0.1203125 0.09609375 0.240625
1 0.5828125 0.21640625 0.13671875 0.4
1 0.5 0.49921875 0.99375 0.9953125
1 0.15234375 0.08984375 0.05625 0.12421875