1 0.26953125 0.784375 0.20234375 0.4265625
1 0.0953125 0.771875 0.1890625 0.45
1 0.2390625 0.51640625 0.15078125 0.4
1 0.89765625 0.72265625 0.2015625 0.5484375
1 0.38125 0.4890625 0.12421875 0.26484375
1 0.39921875 0.18046875 0.07421875 0.21953125
1 0.56171875 0.178125 0.34921875 0.35546875
1 0.734375 0.2859375 0.07578125 0.159375
1 0.434375 0.11015625 0.05390625 0.15078125
1 0.365625 0.33046875 0.05859375 0.33359375
1 0.71171875 0.72265625 0.57265625 0.5484375
1 0.69609375 0.36328125 0.58671875 0.55
1 0.44609375 0.2328125 0.05078125 0.109375