1 0.2484375 0.528125 0.159375 0.33125
1 0.71875 0.54140625 0.10703125 0.2546875
1 0.9609375 0.45390625 0.078125 0.2859375
1 0.78359375 0.290625 0.1109375 0.2015625
1 0.58984375 0.26640625 0.0796875 0.2015625
1 0.32109375 0.275 0.08046875 0.1703125
1 0.06015625 0.3703125 0.11953125 0.1671875
1 0.025 0.49609375 0.05 0.275
1 0.20078125 0.94296875 0.2125 0.10546875
1 0.16015625 0.1875 0.0765625 0.16015625
1 0.2015625 0.04921875 0.0671875 0.0984375
1 0.5171875 0.128125 0.0765625 0.12265625
1 0.7109375 0.1140625 0.065625 0.1328125
1 0.65859375 0.040625 0.0578125 0.0734375
1 0.5296875 0.02421875 0.06328125 0.04453125
1 0.46484375 0.0265625 0.03828125 0.04921875