1 0.56484375 0.28515625 0.059375 0.0921875
1 0.35625 0.83828125 0.25 0.315625
1 0.221875 0.47109375 0.14921875 0.21328125
1 0.79609375 0.44921875 0.1 0.096875
1 0.7375 0.34375 0.05546875 0.05546875
1 0.015625 0.55703125 0.03046875 0.22578125
1 0.16875 0.3765625 0.0796875 0.08515625
1 0.40078125 0.325 0.0484375 0.06484375
1 0.35 0.39453125 0.07890625 0.1140625
1 0.6859375 0.28515625 0.05 0.0796875
1 0.6609375 0.28515625 0.0140625 0.02578125
1 0.40703125 0.20234375 0.01484375 0.0390625
1 0.2984375 0.2859375 0.0359375 0.0296875
1 0.56328125 0.45546875 0.09453125 0.3625
1 0.9890625 0.578125 0.02109375 0.1453125
1 0.72578125 0.396875 0.09296875 0.16640625
1 0.44375 0.24609375 0.0296875 0.0421875
1 0.46484375 0.375 0.06015625 0.278125
1 0.35625 0.1734375 0.0390625 0.08125