1 0.31796875 0.1640625 0.0546875 0.07890625
1 0.37734375 0.23203125 0.03125 0.04296875
1 0.3640625 0.27578125 0.0546875 0.084375
1 0.3375 0.346875 0.0703125 0.11328125
1 0.2796875 0.22265625 0.0578125 0.0671875
1 0.24609375 0.27265625 0.0703125 0.06171875
1 0.16796875 0.3390625 0.1265625 0.1484375
1 0.24453125 0.4421875 0.10546875 0.175
1 0.4359375 0.1875 0.0640625 0.0890625
1 0.47734375 0.2203125 0.0546875 0.1
1 0.56484375 0.2328125 0.07265625 0.071875
1 0.6515625 0.2109375 0.02890625 0.03515625
1 0.67421875 0.22265625 0.0375 0.10078125
1 0.59140625 0.27265625 0.0578125 0.10625
1 0.7296875 0.2984375 0.0546875 0.0921875
1 0.80234375 0.39375 0.08203125 0.115625