1 0.33671875 0.14296875 0.04375 0.0921875
1 0.27421875 0.26953125 0.05625 0.05
1 0.37578125 0.27890625 0.04609375 0.0484375
1 0.3859375 0.29765625 0.0609375 0.075
1 0.38671875 0.396875 0.09609375 0.14453125
1 0.25625 0.31484375 0.05859375 0.06015625
1 0.13984375 0.3671875 0.0953125 0.0984375
1 0.178125 0.4828125 0.16953125 0.196875
1 0.14921875 0.9046875 0.2421875 0.18984375
1 0.553125 0.26015625 0.0390625 0.06015625
1 0.5703125 0.31875 0.028125 0.065625
1 0.64296875 0.24296875 0.03046875 0.034375
1 0.6671875 0.253125 0.046875 0.07890625
1 0.81875 0.40234375 0.07578125 0.090625
1 0.74375 0.32421875 0.0703125 0.0890625
1 0.9734375 0.53203125 0.053125 0.26953125
1 0.48828125 0.24140625 0.0546875 0.0921875
1 0.425 0.240625 0.02734375 0.0515625
1 0.38984375 0.1734375 0.03125 0.06171875