1 0.49296875 0.12890625 0.2015625 0.2578125
1 0.72578125 0.34921875 0.10078125 0.10234375
1 0.65625 0.36875 0.03671875 0.05234375
1 0.6609375 0.475 0.09765625 0.12734375
1 0.8546875 0.40859375 0.12578125 0.1078125
1 0.83984375 0.5703125 0.18671875 0.29296875
1 0.971875 0.62265625 0.05546875 0.2453125
1 0.290625 0.40078125 0.08828125 0.10078125
1 0.221875 0.47265625 0.1734375 0.19140625
1 0.29453125 0.61640625 0.15625 0.26640625
1 0.0421875 0.68046875 0.08359375 0.22265625
1 0.684375 0.3109375 0.06953125 0.0921875