1 0.33125 0.46171875 0.0890625 0.2140625
1 0.1484375 0.296875 0.07109375 0.09609375
1 0.403125 0.34140625 0.05703125 0.1125
1 0.78203125 0.3734375 0.07109375 0.075
1 0.73125 0.2515625 0.05390625 0.07109375
1 0.58828125 0.23359375 0.05390625 0.06640625
1 0.6734375 0.16953125 0.0453125 0.08515625
1 0.5734375 0.17421875 0.03671875 0.07578125
1 0.47265625 0.17734375 0.0359375 0.08359375
1 0.41484375 0.15390625 0.03828125 0.05390625
1 0.328125 0.14609375 0.03671875 0.084375
1 0.3703125 0.2359375 0.05390625 0.0578125
1 0.24921875 0.24921875 0.084375 0.0796875
1 0.27734375 0.18828125 0.065625 0.0625
1 0.3953125 0.203125 0.0453125 0.04921875
1 0.3578125 0.07421875 0.034375 0.0640625
1 0.5921875 0.0671875 0.0359375 0.05