1 0.7375 0.70234375 0.25078125 0.58984375
1 0.190625 0.40546875 0.18515625 0.44140625
1 0.834375 0.41875 0.146875 0.4390625
1 0.33046875 0.6515625 0.3046875 0.6921875
1 0.415625 0.4234375 0.15078125 0.590625
1 0.1078125 0.6265625 0.21484375 0.74140625
1 0.78046875 0.2078125 0.11640625 0.33125
1 0.2609375 0.16796875 0.12265625 0.28828125
1 0.92578125 0.74296875 0.14609375 0.496875
1 0.25390625 0.9109375 0.225 0.175
1 0.6484375 0.39453125 0.184375 0.48515625
1 0.725 0.08671875 0.0953125 0.17265625
1 0.58359375 0.225 0.1078125 0.39375
1 0.31796875 0.07890625 0.0984375 0.1578125
1 0.52265625 0.1828125 0.08671875 0.365625
1 0.5828125 0.43046875 0.1375 0.80390625
1 0.60625 0.071875 0.109375 0.14375
1 0.49921875 0.49921875 0.99453125 0.9953125
1 0.60859375 0.03125 0.10390625 0.0625