1 0.39609375 0.234375 0.07265625 0.19140625
1 0.12578125 0.22734375 0.115625 0.196875
1 0.365625 0.5 0.12734375 0.31796875
1 0.74453125 0.5484375 0.10390625 0.2828125
1 0.95625 0.46875 0.0875 0.27421875
1 0.8515625 0.2765625 0.10234375 0.15703125
1 0.64921875 0.26796875 0.0875 0.18984375
1 0.7703125 0.11875 0.08203125 0.121875
1 0.6203125 0.10234375 0.065625 0.10859375
1 0.7203125 0.04375 0.065625 0.0875
1 0.603125 0.01875 0.05703125 0.0375
1 0.27890625 0.0171875 0.0703125 0.034375
1 0.25 0.1078125 0.09375 0.15
1 0.04453125 0.48984375 0.08828125 0.3015625