1 0.4546875 0.3375 0.05546875 0.1890625
1 0.39609375 0.21875 0.03828125 0.09609375
1 0.33125 0.29609375 0.04453125 0.08046875
1 0.396875 0.34375 0.0375 0.0421875
1 0.3890625 0.371875 0.04765625 0.04609375
1 0.3609375 0.46015625 0.0546875 0.08046875
1 0.303125 0.34921875 0.0453125 0.0734375
1 0.26015625 0.38125 0.05 0.071875
1 0.171875 0.409375 0.07734375 0.09296875
1 0.19453125 0.528125 0.10546875 0.1890625
1 0.22421875 0.88359375 0.24921875 0.2328125
1 0.0296875 0.63203125 0.059375 0.159375
1 0.5546875 0.325 0.04765625 0.0890625
1 0.57734375 0.32109375 0.0484375 0.0421875
1 0.56640625 0.39453125 0.07578125 0.075
1 0.6453125 0.31484375 0.0328125 0.0421875
1 0.67734375 0.2984375 0.04609375 0.0671875
1 0.728125 0.3734375 0.04140625 0.0671875
1 0.83359375 0.4640625 0.08125 0.07734375
1 0.97265625 0.62578125 0.0546875 0.165625