1 0.71328125 0.69140625 0.25234375 0.6109375
1 0.9109375 0.678125 0.1765625 0.6390625
1 0.3140625 0.6578125 0.26484375 0.67734375
1 0.16640625 0.3859375 0.18203125 0.51015625
1 0.6265625 0.56875 0.18203125 0.85390625
1 0.753125 0.19609375 0.11640625 0.3265625
1 0.23046875 0.17265625 0.1234375 0.3078125
1 0.09609375 0.61796875 0.19140625 0.75859375
1 0.809375 0.4140625 0.14609375 0.43828125
1 0.22109375 0.909375 0.246875 0.17734375
1 0.68828125 0.07734375 0.0953125 0.1546875
1 0.55234375 0.415625 0.17421875 0.7875
1 0.5390625 0.23515625 0.12265625 0.4703125
1 0.37578125 0.52578125 0.21171875 0.83828125
1 0.89140625 0.1890625 0.05859375 0.3171875
1 0.55078125 0.1203125 0.1 0.23984375
1 0.57890625 0.1984375 0.11875 0.35234375
1 0.49921875 0.5 0.99453125 0.99453125