1 0.334375 0.11328125 0.06171875 0.0984375
1 0.29765625 0.2078125 0.05703125 0.06328125
1 0.38515625 0.22421875 0.04765625 0.03828125
1 0.38125 0.2421875 0.0515625 0.0640625
1 0.36953125 0.3453125 0.075 0.12578125
1 0.2578125 0.25 0.06875 0.06953125
1 0.16875 0.30390625 0.08984375 0.10859375
1 0.25 0.42109375 0.1359375 0.20078125
1 0.27421875 0.8921875 0.2640625 0.215625
1 0.56875 0.20234375 0.053125 0.05234375
1 0.5859375 0.25703125 0.059375 0.07890625
1 0.66953125 0.19375 0.0484375 0.075
1 0.7328125 0.26328125 0.0546875 0.05390625
1 0.85859375 0.359375 0.084375 0.1078125
1 0.96796875 0.5265625 0.0640625 0.146875
1 0.49296875 0.1984375 0.05234375 0.065625
1 0.43671875 0.16015625 0.04140625 0.08125