1 0.32109375 0.66328125 0.2953125 0.66796875
1 0.43125 0.55 0.14609375 0.5171875
1 0.1421875 0.321875 0.10625 0.1078125
1 0.65 0.20625 0.10234375 0.146875
1 0.4765625 0.28828125 0.08359375 0.26875
1 0.3296875 0.190625 0.0515625 0.165625
1 0.72421875 0.25625 0.05234375 0.059375
1 0.78359375 0.4265625 0.13671875 0.215625
1 0.6984375 0.31015625 0.1046875 0.16796875
1 0.4296875 0.21484375 0.0625 0.134375
1 0.72265625 0.17265625 0.04765625 0.0796875
1 0.26796875 0.1546875 0.03046875 0.14453125
1 0.81171875 0.353125 0.08046875 0.06875
1 0.38828125 0.1390625 0.0296875 0.1
1 0.4015625 0.359375 0.10859375 0.2796875
1 0.54765625 0.4015625 0.1203125 0.40234375