1 0.40859375 0.54140625 0.10546875 0.2453125
1 0.07265625 0.596875 0.1296875 0.29296875
1 0.2109375 0.31796875 0.071875 0.13828125
1 0.4625 0.33359375 0.09609375 0.175
1 0.3171875 0.20546875 0.0765625 0.175
1 0.73359375 0.353125 0.0609375 0.1359375
1 0.9265625 0.384375 0.05859375 0.13359375
1 0.84375 0.62734375 0.10390625 0.2515625
1 0.68046875 0.1984375 0.05546875 0.1296875
1 0.840625 0.2125 0.04765625 0.14921875
1 0.80390625 0.1125 0.06328125 0.1140625
1 0.659375 0.065625 0.04296875 0.0796875
1 0.5921875 0.0703125 0.05703125 0.10703125
1 0.35859375 0.07109375 0.06796875 0.1234375