1 0.39375 0.15078125 0.06796875 0.08125
1 0.43984375 0.26171875 0.04140625 0.09296875
1 0.28125 0.284375 0.0546875 0.0671875
1 0.3890625 0.303125 0.06640625 0.065625
1 0.384375 0.3234375 0.0546875 0.0828125
1 0.3671875 0.40078125 0.07890625 0.15234375
1 0.2453125 0.3421875 0.0703125 0.06953125
1 0.15625 0.39375 0.096875 0.115625
1 0.23671875 0.4703125 0.175 0.20234375
1 0.32265625 0.8203125 0.14921875 0.303125
1 0.58046875 0.26484375 0.03125 0.059375
1 0.56875 0.33671875 0.05078125 0.10859375
1 0.675 0.27421875 0.0671875 0.096875
1 0.73671875 0.3453125 0.05390625 0.096875
1 0.77890625 0.4359375 0.06796875 0.11328125
1 0.96953125 0.59609375 0.06015625 0.25703125