1 0.2921875 0.66484375 0.38828125 0.66640625
1 0.38984375 0.525 0.16171875 0.43671875
1 0.84921875 0.35859375 0.08671875 0.08515625
1 0.12890625 0.321875 0.08984375 0.0953125
1 0.3078125 0.2421875 0.0703125 0.0984375
1 0.67265625 0.20859375 0.04921875 0.08828125
1 0.590625 0.26484375 0.0546875 0.06640625
1 0.390625 0.17890625 0.0328125 0.1453125
1 0.72734375 0.275 0.053125 0.05390625
1 0.50390625 0.38671875 0.06328125 0.409375
1 0.39453125 0.38984375 0.11484375 0.3328125
1 0.36796875 0.26171875 0.06015625 0.06796875
1 0.43515625 0.22265625 0.05625 0.15
1 0.578125 0.41171875 0.14453125 0.35859375
1 0.80546875 0.43359375 0.17421875 0.234375
1 0.75234375 0.22734375 0.04765625 0.0953125