1 0.26015625 0.5734375 0.12578125 0.21171875
1 0.746875 0.33515625 0.0671875 0.06640625
1 0.8453125 0.41015625 0.075 0.07890625
1 0.978125 0.59375 0.04375 0.271875
1 0.675 0.428125 0.07265625 0.1125
1 0.271875 0.3734375 0.04921875 0.065625
1 0.76875 0.525 0.1625 0.21171875
1 0.4265625 0.065625 0.1625 0.1296875
1 0.58125 0.24140625 0.09375 0.29296875
1 0.17578125 0.4421875 0.103125 0.1421875
1 0.615625 0.678125 0.11875 0.6375
1 0.684375 0.325 0.0328125 0.02578125
1 0.2953125 0.33828125 0.03125 0.0359375
1 0.303125 0.4703125 0.0296875 0.08671875
1 0.034375 0.65546875 0.06640625 0.21328125