1 0.36484375 0.85078125 0.26015625 0.2953125
1 0.3796875 0.26953125 0.1078125 0.2078125
1 0.1671875 0.70703125 0.3046875 0.5796875
1 0.79140625 0.56328125 0.109375 0.23046875
1 0.16796875 0.42421875 0.0875 0.0890625
1 0.7234375 0.44453125 0.11640625 0.1703125
1 0.68359375 0.3265625 0.05078125 0.096875
1 0.45625 0.3640625 0.0640625 0.1875
1 0.559375 0.51875 0.10859375 0.35390625
1 0.7515625 0.39375 0.06015625 0.0671875
1 0.228125 0.53359375 0.1546875 0.2328125
1 0.796875 0.51015625 0.09765625 0.125
1 0.02109375 0.7421875 0.0421875 0.50625
1 0.5140625 0.44921875 0.05703125 0.28984375
1 0.3640625 0.3453125 0.05234375 0.10390625
1 0.40625 0.6125 0.16328125 0.4546875
1 0.2734375 0.37578125 0.04921875 0.03125
1 0.3 0.33203125 0.0453125 0.04609375
1 0.68046875 0.34765625 0.07421875 0.1390625