1 0.315625 0.1625 0.053125 0.10859375
1 0.296875 0.21796875 0.04296875 0.04453125
1 0.371875 0.2359375 0.0375 0.0328125
1 0.37265625 0.271875 0.05078125 0.03671875
1 0.24765625 0.278125 0.0375 0.05546875
1 0.1421875 0.328125 0.09140625 0.1046875
1 0.2 0.43671875 0.1078125 0.19296875
1 0.375 0.35390625 0.0734375 0.11171875
1 0.55859375 0.2234375 0.04453125 0.0578125
1 0.59765625 0.271875 0.0328125 0.0421875
1 0.64921875 0.21171875 0.015625 0.0265625
1 0.67734375 0.2203125 0.03359375 0.0890625
1 0.72890625 0.29921875 0.0546875 0.05234375
1 0.81171875 0.35390625 0.0640625 0.08046875
1 0.48828125 0.2046875 0.04609375 0.08125
1 0.421875 0.18671875 0.046875 0.0828125