1 0.6984375 0.6890625 0.24453125 0.61640625
1 0.35 0.36640625 0.1578125 0.51640625
1 0.78125 0.384375 0.1375 0.43125
1 0.29921875 0.64453125 0.29765625 0.7046875
1 0.12578125 0.4296875 0.19609375 0.4953125
1 0.9 0.66484375 0.19765625 0.66484375
1 0.08125 0.6265625 0.1625 0.74140625
1 0.703125 0.1671875 0.0890625 0.3265625
1 0.1828125 0.16484375 0.1484375 0.2796875
1 0.15625 0.91875 0.209375 0.1578125
1 0.51484375 0.3015625 0.13828125 0.55859375
1 0.6015625 0.5578125 0.1796875 0.86796875
1 0.65625 0.06953125 0.090625 0.1390625
1 0.53515625 0.2 0.09609375 0.35625
1 0.53515625 0.0953125 0.11953125 0.190625
1 0.49921875 0.5 0.99453125 0.99453125