1 0.3265625 0.7 0.3328125 0.5953125
1 0.884375 0.16484375 0.0765625 0.16015625
1 0.39296875 0.60078125 0.18203125 0.4515625
1 0.47734375 0.3375 0.07578125 0.19140625
1 0.33125 0.2765625 0.0453125 0.16875
1 0.69375 0.3890625 0.1 0.1734375
1 0.12421875 0.39921875 0.08203125 0.08359375
1 0.71640625 0.3375 0.0546875 0.06953125
1 0.4265625 0.2953125 0.065625 0.140625
1 0.8390625 0.4390625 0.08046875 0.059375
1 0.2796875 0.29765625 0.04453125 0.0421875
1 0.3859375 0.22421875 0.021875 0.09375
1 0.54453125 0.4890625 0.12109375 0.4
1 0.79765625 0.5125 0.16484375 0.209375
1 0.66484375 0.278125 0.05234375 0.08671875