1 0.37578125 0.21953125 0.06640625 0.065625
1 0.4390625 0.30390625 0.0484375 0.05625
1 0.3078125 0.34375 0.0578125 0.06015625
1 0.4125 0.34453125 0.046875 0.059375
1 0.3890625 0.40625 0.08046875 0.071875
1 0.2703125 0.3859375 0.06484375 0.07890625
1 0.35234375 0.48515625 0.0734375 0.09296875
1 0.153125 0.42421875 0.07421875 0.1046875
1 0.2234375 0.5890625 0.15703125 0.1875
1 0.0390625 0.6375 0.078125 0.15625
1 0.29296875 0.86953125 0.15703125 0.2296875
1 0.81171875 0.51953125 0.08984375 0.10625
1 0.59609375 0.38515625 0.04375 0.06171875
1 0.57265625 0.33828125 0.05078125 0.04609375
1 0.690625 0.32265625 0.04921875 0.06953125
1 0.75 0.3859375 0.0453125 0.08671875