1 0.6546875 0.67734375 0.2375 0.63984375
1 0.25234375 0.6609375 0.3015625 0.67265625
1 0.87734375 0.65234375 0.24375 0.6890625
1 0.3140625 0.41796875 0.16015625 0.571875
1 0.0921875 0.4390625 0.18359375 0.43828125
1 0.73125 0.38671875 0.15078125 0.425
1 0.66484375 0.1796875 0.109375 0.3390625
1 0.54921875 0.40546875 0.17578125 0.53515625
1 0.1640625 0.209375 0.1015625 0.28828125
1 0.60546875 0.0734375 0.08203125 0.14609375
1 0.47578125 0.296875 0.13828125 0.5625
1 0.1515625 0.94140625 0.18515625 0.11328125
1 0.40859375 0.18125 0.08515625 0.3625
1 0.059375 0.7578125 0.11796875 0.471875
1 0.490625 0.09609375 0.10390625 0.1921875
1 0.49921875 0.49921875 0.99609375 0.99453125
1 0.1765625 0.03515625 0.065625 0.0703125