1 0.5671875 0.2921875 0.059375 0.09296875
1 0.66796875 0.31640625 0.03203125 0.08671875
1 0.69296875 0.31875 0.04609375 0.1
1 0.5875 0.37890625 0.0640625 0.08828125
1 0.740625 0.40625 0.0703125 0.10390625
1 0.8125 0.496875 0.06640625 0.1328125
1 0.41875 0.19765625 0.04453125 0.10078125
1 0.32890625 0.27421875 0.05625 0.0921875
1 0.3953125 0.33671875 0.0734375 0.0515625
1 0.38984375 0.3703125 0.08828125 0.05
1 0.3875 0.4765625 0.06953125 0.13671875
1 0.16171875 0.41875 0.11015625 0.096875
1 0.2703125 0.371875 0.059375 0.0515625
1 0.20859375 0.5296875 0.13359375 0.15859375
1 0.29921875 0.31328125 0.0390625 0.03828125
1 0.33828125 0.8765625 0.21875 0.24609375