1 0.228125 0.0984375 0.06328125 0.1265625
1 0.35625 0.2078125 0.09453125 0.18046875
1 0.5875 0.0953125 0.0453125 0.1296875
1 0.70703125 0.02421875 0.05234375 0.0484375
1 0.784375 0.10703125 0.071875 0.13046875
1 0.63671875 0.240625 0.06953125 0.1765625
1 0.840625 0.27578125 0.07578125 0.1734375
1 0.73515625 0.5203125 0.10859375 0.2703125
1 0.96953125 0.48984375 0.0609375 0.2796875
1 0.33671875 0.48203125 0.1234375 0.296875
1 0.140625 0.225 0.11171875 0.1953125
1 0.03046875 0.42421875 0.06015625 0.3421875
1 0.2015625 0.91171875 0.19296875 0.1765625