1 0.375 0.64765625 0.28203125 0.6984375
1 0.76328125 0.7140625 0.27109375 0.56640625
1 0.24375 0.39296875 0.1765625 0.465625
1 0.46328125 0.4140625 0.140625 0.56875
1 0.88515625 0.48125 0.1515625 0.4359375
1 0.12890625 0.62109375 0.25625 0.75078125
1 0.7796875 0.1 0.09765625 0.19921875
1 0.8234375 0.23671875 0.1078125 0.32265625
1 0.61484375 0.32265625 0.175 0.53671875
1 0.24375 0.9171875 0.20390625 0.1625
1 0.33046875 0.17421875 0.08671875 0.275
1 0.37421875 0.0828125 0.0921875 0.165625
1 0.69375 0.515625 0.19609375 0.66875
1 0.5671875 0.19296875 0.10546875 0.3859375
1 0.64296875 0.2453125 0.12578125 0.3796875
1 0.65625 0.1046875 0.10859375 0.209375
1 0.94453125 0.76484375 0.11015625 0.465625
1 0.49921875 0.49921875 0.99609375 0.99609375