1 0.4296875 0.11328125 0.18125 0.2265625
1 0.53046875 0.12734375 0.1640625 0.2546875
1 0.27109375 0.29921875 0.04296875 0.08671875
1 0.1671875 0.37734375 0.07890625 0.12734375
1 0.26640625 0.49765625 0.15625 0.21015625
1 0.03125 0.62109375 0.0625 0.1421875
1 0.85625 0.30703125 0.07578125 0.13125
1 0.7671875 0.26328125 0.078125 0.09296875
1 0.68125 0.20390625 0.06796875 0.06953125
1 0.665625 0.3140625 0.090625 0.12890625
1 0.71875 0.44609375 0.0890625 0.11015625
1 0.60234375 0.12578125 0.03125 0.09609375
1 0.61171875 0.22421875 0.04765625 0.04765625