1 0.2859375 0.5421875 0.134375 0.2921875
1 0.14453125 0.2515625 0.090625 0.15703125
1 0.4 0.2578125 0.08359375 0.165625
1 0.24921875 0.11875 0.08203125 0.13515625
1 0.76640625 0.56953125 0.09609375 0.196875
1 0.940625 0.50234375 0.10703125 0.21328125
1 0.8640625 0.31328125 0.08671875 0.146875
1 0.6625 0.2765625 0.0890625 0.184375
1 0.78984375 0.12578125 0.10546875 0.1171875
1 0.62109375 0.11484375 0.06484375 0.12109375
1 0.59765625 0.0171875 0.0890625 0.034375
1 0.73203125 0.05 0.07890625 0.09921875
1 0.04296875 0.4703125 0.0859375 0.278125
1 0.2359375 0.9296875 0.23671875 0.13984375