1 0.415625 0.075 0.2515625 0.15
1 0.56328125 0.09296875 0.14765625 0.18515625
1 0.6171875 0.1125 0.06640625 0.08046875
1 0.61171875 0.03515625 0.0421875 0.05390625
1 0.67578125 0.0703125 0.03984375 0.05390625
1 0.68359375 0.12265625 0.03125 0.03515625
1 0.759375 0.13984375 0.06875 0.06953125
1 0.6640625 0.2296875 0.09453125 0.08671875
1 0.871875 0.21171875 0.096875 0.1078125
1 0.71484375 0.34765625 0.13046875 0.1546875
1 0.24375 0.37890625 0.1234375 0.171875
1 0.18125 0.259375 0.0953125 0.1296875
1 0.2765625 0.1859375 0.04453125 0.071875
1 0.04296875 0.48046875 0.075 0.165625