1 0.40859375 0.23203125 0.090625 0.16484375
1 0.3859375 0.48359375 0.1421875 0.31796875
1 0.79140625 0.5375 0.10859375 0.2609375
1 0.975 0.48359375 0.04921875 0.19921875
1 0.853125 0.29296875 0.06015625 0.16171875
1 0.6703125 0.27109375 0.0859375 0.17265625
1 0.8078125 0.1203125 0.07734375 0.15703125
1 0.63203125 0.11171875 0.05546875 0.1265625
1 0.271875 0.125 0.06484375 0.12890625
1 0.16328125 0.2390625 0.0796875 0.159375
1 0.04453125 0.51171875 0.08828125 0.27890625
1 0.25859375 0.93125 0.215625 0.1375
1 0.75 0.04375 0.08359375 0.0875
1 0.6140625 0.02109375 0.0546875 0.0421875
1 0.5421875 0.02890625 0.04609375 0.0578125
1 0.2984375 0.028125 0.071875 0.05546875