1 0.378125 0.1515625 0.09140625 0.15703125
1 0.3109375 0.8265625 0.2421875 0.33515625
1 0.571875 0.31484375 0.05546875 0.08203125
1 0.25390625 0.3203125 0.05390625 0.0375
1 0.728125 0.3296875 0.05625 0.0609375
1 0.2171875 0.484375 0.16328125 0.2296875
1 0.38671875 0.40625 0.0765625 0.140625
1 0.78984375 0.428125 0.09609375 0.10859375
1 0.146875 0.36953125 0.08828125 0.1
1 0.29140625 0.27109375 0.040625 0.0578125
1 0.38515625 0.3046875 0.0640625 0.078125
1 0.6703125 0.26484375 0.053125 0.09375
1 0.7015625 0.3640625 0.109375 0.1984375
1 0.55546875 0.27578125 0.0515625 0.08671875
1 0.97734375 0.53046875 0.0453125 0.221875
1 0.45625 0.2953125 0.046875 0.1078125