1 0.20625 0.4765625 0.12265625 0.18046875
1 0.3703125 0.39140625 0.09921875 0.1015625
1 0.8296875 0.40625 0.090625 0.12265625
1 0.728125 0.3078125 0.05234375 0.0625
1 0.6875 0.24140625 0.053125 0.07734375
1 0.5765625 0.30625 0.040625 0.06875
1 0.5515625 0.26015625 0.04609375 0.06875
1 0.48046875 0.23203125 0.03046875 0.0671875
1 0.4390625 0.2 0.03671875 0.0640625
1 0.34921875 0.21484375 0.0390625 0.075
1 0.1453125 0.35625 0.0828125 0.0828125
1 0.24296875 0.31328125 0.0484375 0.065625
1 0.2796875 0.26640625 0.0640625 0.071875
1 0.38515625 0.3 0.05 0.06875
1 0.3796875 0.1515625 0.03359375 0.07265625