1 0.284375 0.46171875 0.09375 0.23203125
1 0.7203125 0.54375 0.10078125 0.20078125
1 0.96328125 0.47578125 0.07265625 0.21875
1 0.8203125 0.2578125 0.06015625 0.13671875
1 0.77265625 0.103125 0.0640625 0.15
1 0.5984375 0.26015625 0.0546875 0.15234375
1 0.55546875 0.08828125 0.06171875 0.1203125
1 0.36953125 0.221875 0.09765625 0.1671875
1 0.21484375 0.084375 0.065625 0.1453125
1 0.084375 0.26953125 0.10390625 0.16328125
1 0.02109375 0.39765625 0.0421875 0.28671875
1 0.6 0.02109375 0.06171875 0.0421875
1 0.7046875 0.01875 0.078125 0.0375