1 0.70703125 0.665625 0.278125 0.66328125
1 0.33125 0.6109375 0.26953125 0.7703125
1 0.17890625 0.29296875 0.1828125 0.5
1 0.81484375 0.34375 0.14921875 0.44140625
1 0.39453125 0.3109375 0.15546875 0.521875
1 0.7578125 0.14453125 0.121875 0.2890625
1 0.10390625 0.58125 0.20703125 0.8171875
1 0.92109375 0.60625 0.15625 0.4875
1 0.221875 0.8875 0.20546875 0.221875
1 0.25703125 0.134375 0.0984375 0.26875
1 0.584375 0.16875 0.13671875 0.3375
1 0.93671875 0.9046875 0.125 0.18671875
1 0.6546875 0.04375 0.09375 0.0875
1 0.63828125 0.346875 0.18828125 0.5359375
1 0.5 0.49921875 0.99609375 0.99609375