1 0.7046875 0.68359375 0.25625 0.6265625
1 0.321875 0.64140625 0.29609375 0.7125
1 0.9109375 0.61875 0.1765625 0.56796875
1 0.38828125 0.375 0.1578125 0.53828125
1 0.15078125 0.39921875 0.190625 0.45
1 0.8015625 0.38671875 0.1421875 0.4203125
1 0.73515625 0.178125 0.0984375 0.33125
1 0.2390625 0.15859375 0.09140625 0.28046875
1 0.21015625 0.9109375 0.20703125 0.175
1 0.68515625 0.0734375 0.08203125 0.146875
1 0.62109375 0.56328125 0.1859375 0.865625
1 0.09453125 0.66875 0.18828125 0.6546875
1 0.55390625 0.4109375 0.13828125 0.80078125
1 0.2828125 0.07109375 0.09296875 0.1421875
1 0.484375 0.17265625 0.08671875 0.34453125
1 0.9328125 0.91171875 0.1328125 0.175
1 0.5609375 0.20703125 0.1234375 0.39375
1 0.49921875 0.5 0.99453125 0.99453125
1 0.59140625 0.01953125 0.0765625 0.0390625