1 0.721875 0.67578125 0.2421875 0.6421875
1 0.290625 0.6703125 0.29609375 0.65234375
1 0.0875 0.66640625 0.175 0.66171875
1 0.7859375 0.3234375 0.14140625 0.33828125
1 0.365625 0.4109375 0.1609375 0.54609375
1 0.709375 0.17734375 0.10390625 0.34375
1 0.59609375 0.5609375 0.14453125 0.8609375
1 0.5 0.49921875 0.9953125 0.99453125
1 0.215625 0.21484375 0.10078125 0.2765625
1 0.66015625 0.07734375 0.0828125 0.1546875
1 0.55546875 0.41875 0.15546875 0.81796875
1 0.2265625 0.93984375 0.24765625 0.11484375
1 0.2453125 0.090625 0.11953125 0.18125
1 0.50859375 0.2484375 0.08984375 0.496875
1 0.1375 0.45234375 0.19453125 0.43203125
1 0.44921875 0.103125 0.0734375 0.20625