1 0.765625 0.1703125 0.07265625 0.08515625
1 0.84765625 0.23828125 0.0703125 0.06953125
1 0.78828125 0.38203125 0.13203125 0.215625
1 0.64140625 0.12734375 0.0359375 0.065625
1 0.48671875 0.30078125 0.28515625 0.60078125
1 0.334375 0.1609375 0.025 0.02734375
1 0.259375 0.23359375 0.07265625 0.06953125
1 0.234375 0.44921875 0.12890625 0.2234375
1 0.16796875 0.31171875 0.1015625 0.16015625
1 0.04296875 0.55625 0.0859375 0.28125
1 0.33515625 0.32578125 0.07890625 0.11328125
1 0.9453125 0.6046875 0.10859375 0.59375
1 0.67890625 0.1703125 0.0390625 0.0515625