1 0.8546875 0.43984375 0.0765625 0.09609375
1 0.23203125 0.59921875 0.1703125 0.225
1 0.778125 0.53046875 0.15 0.26015625
1 0.45625 0.1 0.14765625 0.19765625
1 0.2765625 0.40234375 0.04921875 0.090625
1 0.95390625 0.55546875 0.09140625 0.19453125
1 0.696875 0.46328125 0.046875 0.11328125
1 0.63671875 0.1421875 0.096875 0.16171875
1 0.7125 0.39140625 0.0453125 0.0421875
1 0.78046875 0.3734375 0.075 0.10078125
1 0.17578125 0.4671875 0.1015625 0.140625
1 0.6859375 0.36953125 0.03046875 0.090625
1 0.325 0.36875 0.0265625 0.0296875
1 0.03828125 0.73203125 0.0765625 0.3015625