1 0.42734375 0.15234375 0.1453125 0.23359375
1 0.55390625 0.09375 0.13046875 0.16640625
1 0.64609375 0.3390625 0.05625 0.10234375
1 0.77265625 0.365625 0.05390625 0.059375
1 0.67578125 0.43359375 0.0703125 0.1140625
1 0.86015625 0.40625 0.08515625 0.09296875
1 0.7953125 0.54453125 0.15625 0.2484375
1 0.9640625 0.61484375 0.071875 0.34140625
1 0.2890625 0.36953125 0.08671875 0.090625
1 0.1859375 0.44375 0.07578125 0.1546875
1 0.2609375 0.5671875 0.1359375 0.2203125
1 0.03359375 0.76171875 0.0671875 0.4203125