1 0.24140625 0.4703125 0.1671875 0.24140625
1 0.3375 0.39296875 0.07421875 0.1234375
1 0.1296875 0.37109375 0.0875 0.11171875
1 0.240625 0.309375 0.046875 0.05234375
1 0.26953125 0.2578125 0.0578125 0.0734375
1 0.3328125 0.20859375 0.0484375 0.12734375
1 0.375 0.31015625 0.065625 0.08671875
1 0.38515625 0.27109375 0.0515625 0.0625
1 0.3859375 0.16953125 0.02421875 0.0765625
1 0.415625 0.22421875 0.03671875 0.07890625
1 0.471875 0.24765625 0.02890625 0.07578125
1 0.540625 0.2625 0.0453125 0.06015625
1 0.575 0.30859375 0.06875 0.0828125
1 0.63984375 0.23515625 0.0171875 0.06015625
1 0.6671875 0.2484375 0.06328125 0.1
1 0.7125 0.30859375 0.06484375 0.0828125
1 0.7890625 0.4328125 0.09296875 0.0734375
1 0.575 0.153125 0.028125 0.0625