1 0.73515625 0.6984375 0.25234375 0.5984375
1 0.396875 0.38203125 0.203125 0.5640625
1 0.3375 0.65234375 0.26328125 0.68828125
1 0.1734375 0.4171875 0.19296875 0.48125
1 0.91875 0.70390625 0.16015625 0.58671875
1 0.82578125 0.3265625 0.153125 0.278125
1 0.10234375 0.6296875 0.2046875 0.73125
1 0.7609375 0.1890625 0.10234375 0.3296875
1 0.25 0.165625 0.11328125 0.3015625
1 0.71015625 0.07109375 0.08984375 0.1421875
1 0.25234375 0.91328125 0.21640625 0.16875
1 0.646875 0.5671875 0.17890625 0.85625
1 0.57890625 0.4046875 0.159375 0.6765625
1 0.57890625 0.11796875 0.13125 0.234375
1 0.15859375 0.09453125 0.0625 0.12578125
1 0.58984375 0.23515625 0.13671875 0.33671875
1 0.11328125 0.1359375 0.03984375 0.0875
1 0.49921875 0.49921875 0.99453125 0.9953125