1 0.228125 0.459375 0.12734375 0.17421875
1 0.1359375 0.3125 0.07578125 0.08203125
1 0.40546875 0.38125 0.07421875 0.11796875
1 0.809375 0.3578125 0.07109375 0.08046875
1 0.7328125 0.26328125 0.04296875 0.04375
1 0.58125 0.24140625 0.04296875 0.07734375
1 0.68046875 0.1890625 0.03515625 0.06484375
1 0.5703125 0.2 0.04921875 0.05
1 0.46796875 0.1890625 0.03671875 0.06015625
1 0.41796875 0.16796875 0.034375 0.05859375
1 0.58828125 0.08515625 0.04140625 0.06328125
1 0.3328125 0.15 0.04296875 0.0546875
1 0.27578125 0.20625 0.04609375 0.06640625
1 0.37734375 0.25546875 0.06953125 0.0640625
1 0.39609375 0.21875 0.0421875 0.05
1 0.3671875 0.08984375 0.046875 0.0640625
1 0.2546875 0.25703125 0.046875 0.0546875