1 0.3875 0.65546875 0.1859375 0.4625
1 0.1421875 0.45703125 0.08359375 0.0890625
1 0.84765625 0.5015625 0.08359375 0.075
1 0.4265625 0.34453125 0.1359375 0.32734375
1 0.7046875 0.46484375 0.11015625 0.1578125
1 0.21953125 0.56796875 0.1578125 0.21171875
1 0.27421875 0.71015625 0.26796875 0.4984375
1 0.66796875 0.37109375 0.07734375 0.12890625
1 0.2828125 0.36171875 0.04296875 0.0453125
1 0.66640625 0.35078125 0.05078125 0.0875
1 0.3390625 0.4796875 0.08671875 0.11015625
1 0.20703125 0.9296875 0.26171875 0.13671875
1 0.7328125 0.41484375 0.05390625 0.05546875
1 0.5234375 0.52421875 0.12734375 0.390625
1 0.4046875 0.28984375 0.0921875 0.21796875
1 0.24609375 0.40625 0.04609375 0.02421875
1 0.38671875 0.39609375 0.06015625 0.071875
1 0.90390625 0.51875 0.0453125 0.0734375