1 0.61953125 0.2453125 0.11875 0.2546875
1 0.7296875 0.2296875 0.05625 0.084375
1 0.76015625 0.31015625 0.0484375 0.10625
1 0.71171875 0.153125 0.04609375 0.075
1 0.64453125 0.04453125 0.08359375 0.0890625
1 0.43046875 0.084375 0.08046875 0.0671875
1 0.43125 0.0328125 0.03125 0.04453125
1 0.4625 0.18203125 0.05546875 0.08046875
1 0.44140625 0.2578125 0.06484375 0.0828125
1 0.3828125 0.146875 0.06640625 0.096875
1 0.35546875 0.271875 0.075 0.1390625
1 0.3734375 0.475 0.0734375 0.16171875
1 0.23046875 0.48828125 0.103125 0.228125
1 0.30078125 0.81953125 0.18359375 0.3609375
1 0.07734375 0.80234375 0.1546875 0.39375
1 0.896875 0.62421875 0.20625 0.7515625