1 0.41953125 0.18515625 0.0390625 0.07890625
1 0.48359375 0.20546875 0.03359375 0.059375
1 0.33671875 0.1765625 0.0484375 0.075
1 0.29296875 0.22578125 0.03984375 0.06015625
1 0.37890625 0.234375 0.03046875 0.0328125
1 0.37578125 0.2703125 0.0578125 0.065625
1 0.35390625 0.34296875 0.07265625 0.12578125
1 0.25078125 0.2859375 0.0578125 0.06328125
1 0.12421875 0.32734375 0.07890625 0.08828125
1 0.19375 0.475 0.11171875 0.1890625
1 0.5578125 0.23203125 0.05 0.06015625
1 0.6453125 0.215625 0.0265625 0.02734375
1 0.68671875 0.21484375 0.0484375 0.06953125
1 0.609375 0.28828125 0.0703125 0.08046875
1 0.73125 0.29140625 0.05859375 0.065625
1 0.84765625 0.36796875 0.078125 0.10078125