1 0.1140625 0.146875 0.09453125 0.153125
1 0.275 0.25234375 0.1 0.21796875
1 0.47734375 0.18203125 0.08515625 0.146875
1 0.57890625 0.28046875 0.09296875 0.17109375
1 0.65625 0.54921875 0.1328125 0.23671875
1 0.75390625 0.31484375 0.10078125 0.20546875
1 0.9375 0.4921875 0.125 0.2625
1 0.6828125 0.12890625 0.07578125 0.12734375
1 0.23203125 0.5828125 0.18125 0.32265625
1 0.028125 0.3328125 0.05546875 0.209375
1 0.46953125 0.04296875 0.090625 0.084375
1 0.62421875 0.046875 0.07734375 0.09375
1 0.13359375 0.96171875 0.19453125 0.0765625