1 0.40703125 0.11484375 0.1984375 0.22890625
1 0.2390625 0.3984375 0.1390625 0.19453125
1 0.17265625 0.2765625 0.10859375 0.1296875
1 0.5640625 0.9234375 0.2515625 0.13984375
1 0.046875 0.50703125 0.09296875 0.30703125
1 0.78671875 0.34375 0.15234375 0.2046875
1 0.746875 0.1578125 0.06953125 0.07109375
1 0.659375 0.25078125 0.075 0.11796875
1 0.6359375 0.38203125 0.1234375 0.37109375
1 0.25859375 0.19375 0.06015625 0.08125
1 0.85 0.225 0.0984375 0.09921875
1 0.296875 0.2984375 0.0375 0.0953125
1 0.66484375 0.1625 0.05 0.06875
1 0.5453125 0.23125 0.11328125 0.46171875
1 0.6609375 0.09453125 0.02265625 0.0703125
1 0.63203125 0.090625 0.02109375 0.09765625