1 0.31796875 0.665625 0.31171875 0.66484375
1 0.40859375 0.56328125 0.17890625 0.5125
1 0.13046875 0.334375 0.08359375 0.08515625
1 0.33125 0.2140625 0.05078125 0.1609375
1 0.6671875 0.2140625 0.0609375 0.08515625
1 0.54375 0.39921875 0.12109375 0.3453125
1 0.72890625 0.271875 0.05546875 0.06953125
1 0.48046875 0.3234375 0.07109375 0.23828125
1 0.7859375 0.44296875 0.14140625 0.20234375
1 0.8171875 0.37421875 0.07890625 0.0640625
1 0.27890625 0.2296875 0.04765625 0.0453125
1 0.48828125 0.190625 0.02890625 0.05234375
1 0.38828125 0.159375 0.0296875 0.10546875
1 0.915625 0.215625 0.0390625 0.10234375