1 0.7140625 0.69921875 0.25234375 0.596875
1 0.325 0.665625 0.28203125 0.6609375
1 0.3765625 0.3921875 0.21171875 0.55546875
1 0.16796875 0.390625 0.18046875 0.5109375
1 0.9109375 0.68515625 0.17578125 0.621875
1 0.25078125 0.18125 0.1015625 0.30546875
1 0.74921875 0.19921875 0.11015625 0.321875
1 0.0953125 0.621875 0.190625 0.7484375
1 0.6921875 0.08203125 0.0875 0.1640625
1 0.5515625 0.425 0.16953125 0.78984375
1 0.80703125 0.4265625 0.14453125 0.4484375
1 0.62734375 0.5734375 0.18046875 0.84375
1 0.23671875 0.91484375 0.209375 0.16640625
1 0.5765625 0.209375 0.1140625 0.3546875
1 0.49921875 0.5 0.9953125 0.99453125
1 0.55234375 0.121875 0.1015625 0.24375
1 0.540625 0.2390625 0.128125 0.478125