1 0.20390625 0.08203125 0.08125 0.1265625
1 0.35 0.2125 0.10625 0.21875
1 0.1078125 0.26171875 0.1015625 0.20625
1 0.3453125 0.48203125 0.13515625 0.29140625
1 0.23515625 0.91171875 0.1765625 0.17578125
1 0.7578125 0.53203125 0.1171875 0.26875
1 0.85390625 0.2859375 0.09609375 0.1859375
1 0.97421875 0.48515625 0.05078125 0.27109375
1 0.80078125 0.1015625 0.0953125 0.13671875
1 0.73828125 0.0203125 0.09296875 0.040625
1 0.5953125 0.01953125 0.07578125 0.0390625
1 0.61875 0.1078125 0.08203125 0.13046875
1 0.6734375 0.265625 0.1140625 0.2296875