1 0.35703125 0.88671875 0.23671875 0.2234375
1 0.45703125 0.37109375 0.05546875 0.2171875
1 0.36953125 0.2875 0.12890625 0.22421875
1 0.4125 0.63359375 0.13515625 0.46484375
1 0.15 0.4375 0.08203125 0.09921875
1 0.675 0.33203125 0.0515625 0.08515625
1 0.81015625 0.44765625 0.03984375 0.13046875
1 0.9515625 0.7359375 0.09453125 0.521875
1 0.5296875 0.5046875 0.12109375 0.3859375
1 0.28203125 0.34296875 0.04140625 0.04609375
1 0.228125 0.55703125 0.1515625 0.23515625
1 0.72890625 0.39765625 0.053125 0.05234375
1 0.15703125 0.71796875 0.31328125 0.5578125
1 0.87578125 0.565625 0.12734375 0.2375
1 0.25234375 0.3875 0.04921875 0.0296875
1 0.9203125 0.47578125 0.05234375 0.11640625
1 0.85390625 0.48515625 0.08359375 0.07421875
1 0.5828125 0.38203125 0.05390625 0.0734375