1 0.41171875 0.1546875 0.046875 0.11796875
1 0.39375 0.25546875 0.071875 0.09609375
1 0.30546875 0.2765625 0.05078125 0.075
1 0.39609375 0.3265625 0.0609375 0.07734375
1 0.3984375 0.43125 0.075 0.15078125
1 0.15703125 0.3859375 0.12265625 0.084375
1 0.2609375 0.334375 0.05625 0.06953125
1 0.27109375 0.4984375 0.196875 0.1796875
1 0.4140625 0.821875 0.20625 0.35625
1 0.5859375 0.29375 0.0734375 0.084375
1 0.61171875 0.359375 0.04375 0.0671875
1 0.68828125 0.25625 0.05390625 0.084375
1 0.7578125 0.34296875 0.0921875 0.071875
1 0.80234375 0.4625 0.0953125 0.15234375