1 0.78359375 0.28515625 0.2203125 0.36484375
1 0.94140625 0.6375 0.1171875 0.353125
1 0.50078125 0.1109375 0.0953125 0.20078125
1 0.44296875 0.07109375 0.08359375 0.13125
1 0.36875 0.234375 0.0734375 0.11953125
1 0.36015625 0.43359375 0.08125 0.1546875
1 0.11640625 0.43203125 0.096875 0.1734375
1 0.24609375 0.234375 0.0671875 0.14609375
1 0.2890625 0.10859375 0.05546875 0.1046875
1 0.38671875 0.096875 0.02109375 0.059375
1 0.659375 0.14609375 0.05390625 0.10234375
1 0.59609375 0.0375 0.0421875 0.0671875