1 0.234375 0.425 0.1046875 0.13671875
1 0.840625 0.346875 0.078125 0.09453125
1 0.7484375 0.25859375 0.08828125 0.07578125
1 0.66875 0.15 0.04609375 0.08046875
1 0.58203125 0.23359375 0.03359375 0.06640625
1 0.5546875 0.1890625 0.04453125 0.06484375
1 0.45859375 0.1625 0.04921875 0.04765625
1 0.4171875 0.159375 0.03671875 0.046875
1 0.1375 0.3046875 0.07890625 0.08359375
1 0.36796875 0.334375 0.08671875 0.115625
1 0.2421875 0.24609375 0.06953125 0.0640625
1 0.38984375 0.24921875 0.07421875 0.065625
1 0.40078125 0.1921875 0.04375 0.05078125
1 0.28359375 0.1875 0.040625 0.0484375
1 0.32734375 0.14140625 0.04609375 0.08515625
1 0.384375 0.1 0.03359375 0.059375
1 0.56953125 0.07265625 0.03125 0.03671875