1 0.721875 0.69375 0.2546875 0.6078125
1 0.3296875 0.6609375 0.2671875 0.67109375
1 0.36484375 0.38359375 0.1859375 0.54765625
1 0.9125 0.6703125 0.17265625 0.653125
1 0.81171875 0.40234375 0.15 0.43125
1 0.16796875 0.4140625 0.18359375 0.50859375
1 0.75390625 0.18671875 0.11484375 0.33984375
1 0.0953125 0.62734375 0.190625 0.73828125
1 0.22734375 0.1671875 0.146875 0.30234375
1 0.62421875 0.56328125 0.1796875 0.8640625
1 0.7015625 0.075 0.0953125 0.15
1 0.5765625 0.2203125 0.12734375 0.35078125
1 0.2265625 0.965625 0.13203125 0.0640625
1 0.5671875 0.11875 0.13125 0.2375
1 0.55625 0.3140625 0.16640625 0.54140625
1 0.49921875 0.49921875 0.99453125 0.99375