1 0.3390625 0.67265625 0.31015625 0.65
1 0.478125 0.30625 0.06953125 0.2515625
1 0.396875 0.57109375 0.20078125 0.490625
1 0.42890625 0.3015625 0.06640625 0.26875
1 0.7984375 0.29609375 0.0625 0.1203125
1 0.1359375 0.35390625 0.08515625 0.08828125
1 0.3296875 0.23125 0.053125 0.165625
1 0.83828125 0.39296875 0.08359375 0.06171875
1 0.6640625 0.23203125 0.05625 0.0875
1 0.54609375 0.43984375 0.11875 0.39609375
1 0.39140625 0.2 0.03515625 0.1421875
1 0.71171875 0.29140625 0.053125 0.06796875
1 0.69140625 0.34453125 0.09453125 0.1734375
1 0.9125 0.30625 0.0609375 0.140625
1 0.2703125 0.253125 0.046875 0.0375
1 0.7984375 0.4671875 0.1640625 0.2125