1 0.37109375 0.18515625 0.04765625 0.084375
1 0.2828125 0.31171875 0.0390625 0.071875
1 0.4078125 0.33515625 0.04921875 0.0328125
1 0.3796875 0.36484375 0.05078125 0.065625
1 0.3734375 0.4625 0.07265625 0.1296875
1 0.43046875 0.26953125 0.06484375 0.096875
1 0.559375 0.31171875 0.0390625 0.0515625
1 0.58125 0.37109375 0.0484375 0.09296875
1 0.66328125 0.31328125 0.025 0.0328125
1 0.690625 0.32265625 0.04296875 0.090625
1 0.7328125 0.37890625 0.0328125 0.0484375
1 0.79921875 0.51171875 0.08046875 0.15625
1 0.96796875 0.61171875 0.0640625 0.12890625
1 0.265625 0.3703125 0.06328125 0.06328125
1 0.134375 0.41328125 0.10859375 0.13515625
1 0.1984375 0.49921875 0.1609375 0.15859375
1 0.25859375 0.86015625 0.2578125 0.27890625