1 0.35703125 0.5640625 0.10625 0.1375
1 0.2671875 0.37265625 0.0875 0.2265625
1 0.128125 0.584375 0.08828125 0.165625
1 0.25859375 0.8546875 0.15703125 0.2796875
1 0.74765625 0.459375 0.2328125 0.3703125
1 0.5078125 0.21484375 0.0984375 0.26484375
1 0.4921875 0.06015625 0.07109375 0.11796875
1 0.396875 0.1625 0.03359375 0.07578125
1 0.4125 0.11640625 0.01953125 0.0296875
1 0.046875 0.88125 0.08984375 0.22734375
1 0.34609375 0.1203125 0.03203125 0.03984375
1 0.16640625 0.8640625 0.09609375 0.2703125
1 0.97734375 0.68125 0.04453125 0.14921875
1 0.36953125 0.28359375 0.0671875 0.23046875