1 0.71796875 0.740625 0.246875 0.5125
1 0.2921875 0.6953125 0.30625 0.60390625
1 0.15546875 0.49609375 0.18515625 0.44609375
1 0.80078125 0.44140625 0.14296875 0.340625
1 0.73125 0.2875 0.0859375 0.32421875
1 0.09140625 0.6671875 0.1828125 0.659375
1 0.38359375 0.47890625 0.15390625 0.53125
1 0.69296875 0.14765625 0.096875 0.19765625
1 0.22734375 0.2625 0.12421875 0.28046875
1 0.615625 0.60703125 0.18046875 0.746875
1 0.27734375 0.12265625 0.11328125 0.2453125
1 0.63984375 0.06484375 0.04765625 0.1296875
1 0.565625 0.1375 0.09140625 0.27109375
1 0.49453125 0.20390625 0.08671875 0.40703125
1 0.58359375 0.2984375 0.13515625 0.3640625
1 0.5546875 0.5375 0.19609375 0.846875
1 0.92109375 0.7140625 0.15625 0.56640625
1 0.38984375 0.0125 0.04609375 0.025
1 0.5 0.49921875 0.99296875 0.99609375
1 0.31796875 0.071875 0.0703125 0.14375