1 0.440625 0.28203125 0.0890625 0.23671875
1 0.37265625 0.13046875 0.0609375 0.0828125
1 0.31875 0.2359375 0.040625 0.0640625
1 0.3875 0.2828125 0.07109375 0.0640625
1 0.38203125 0.390625 0.07421875 0.14296875
1 0.24140625 0.32265625 0.06796875 0.059375
1 0.12265625 0.36875 0.12421875 0.09453125
1 0.2296875 0.5109375 0.1796875 0.29921875
1 0.3390625 0.815625 0.2 0.36875
1 0.559375 0.26484375 0.05 0.07734375
1 0.5859375 0.31875 0.059375 0.0921875
1 0.6625 0.22578125 0.04453125 0.0734375
1 0.73515625 0.31484375 0.08125 0.090625
1 0.81484375 0.42890625 0.1171875 0.15078125
1 0.95390625 0.55625 0.09140625 0.30078125