1 0.5609375 0.1265625 0.121875 0.253125
1 0.4578125 0.221875 0.23125 0.44375
1 0.515625 0.153125 0.15234375 0.30625
1 0.25625 0.1953125 0.0578125 0.0921875
1 0.1546875 0.265625 0.0953125 0.1171875
1 0.22890625 0.4265625 0.1375 0.228125
1 0.03828125 0.51484375 0.07578125 0.26796875
1 0.75390625 0.40703125 0.13828125 0.215625
1 0.965625 0.325 0.06875 0.65
1 0.8265625 0.2296875 0.084375 0.11328125
1 0.746875 0.165625 0.075 0.084375
1 0.6640625 0.24453125 0.0609375 0.090625
1 0.6890625 0.15390625 0.046875 0.0484375
1 0.68125 0.09453125 0.05546875 0.0921875
1 0.51640625 0.9109375 0.55703125 0.178125