1 0.7109375 0.696875 0.25078125 0.60078125
1 0.915625 0.6828125 0.1671875 0.63046875
1 0.1609375 0.40078125 0.1921875 0.46328125
1 0.31015625 0.6546875 0.30625 0.6828125
1 0.8125 0.4125 0.1421875 0.44609375
1 0.7484375 0.18515625 0.10625 0.31875
1 0.23046875 0.17109375 0.1203125 0.296875
1 0.55625 0.4078125 0.14453125 0.76015625
1 0.059375 0.775 0.11796875 0.44375
1 0.6296875 0.56328125 0.17890625 0.8640625
1 0.18203125 0.91015625 0.22109375 0.17578125
1 0.38671875 0.53046875 0.20390625 0.8609375
1 0.69765625 0.0734375 0.10390625 0.14609375
1 0.56875 0.1140625 0.1296875 0.228125
1 0.08359375 0.125 0.13515625 0.25
1 0.5 0.49921875 0.99296875 0.99375