1 0.78671875 0.715625 0.26796875 0.5625
1 0.1296875 0.6046875 0.25859375 0.784375
1 0.37109375 0.65 0.2953125 0.6921875
1 0.45625 0.38671875 0.15546875 0.53984375
1 0.24765625 0.3796875 0.17578125 0.465625
1 0.8296875 0.2046875 0.1046875 0.3109375
1 0.31484375 0.1609375 0.11171875 0.30859375
1 0.709375 0.49921875 0.19296875 0.6625
1 0.634375 0.4328125 0.19296875 0.790625
1 0.896875 0.403125 0.14453125 0.34375
1 0.2796875 0.9015625 0.22421875 0.19140625
1 0.7859375 0.0859375 0.10234375 0.171875
1 0.66953125 0.096875 0.1203125 0.19375
1 0.5765625 0.159375 0.084375 0.31875
1 0.3703125 0.07734375 0.096875 0.1546875
1 0.49921875 0.49921875 0.99609375 0.9953125
1 0.66171875 0.22734375 0.13515625 0.37890625