1 0.39296875 0.553125 0.184375 0.4734375
1 0.24609375 0.66796875 0.49140625 0.659375
1 0.3390625 0.22265625 0.0625 0.1625
1 0.47890625 0.3109375 0.08125 0.278125
1 0.525 0.40546875 0.11171875 0.35234375
1 0.71484375 0.28046875 0.0546875 0.071875
1 0.66953125 0.221875 0.04765625 0.08515625
1 0.440625 0.30390625 0.0578125 0.2875
1 0.28046875 0.2390625 0.04609375 0.0453125
1 0.43984375 0.23515625 0.0546875 0.15078125
1 0.69296875 0.3328125 0.09921875 0.17734375
1 0.12890625 0.3421875 0.08046875 0.0828125
1 0.7640625 0.4609375 0.09921875 0.2046875
1 0.7734375 0.41015625 0.07890625 0.10390625
1 0.83515625 0.303125 0.07109375 0.16875
1 0.39140625 0.17890625 0.0359375 0.121875