1 0.4484375 0.18671875 0.059375 0.13125
1 0.4359375 0.2609375 0.0640625 0.09453125
1 0.30859375 0.3546875 0.0484375 0.05234375
1 0.39375 0.4203125 0.065625 0.1078125
1 0.2734375 0.4046875 0.05625 0.08046875
1 0.3515625 0.4578125 0.040625 0.090625
1 0.16953125 0.43828125 0.07578125 0.09296875
1 0.265625 0.54921875 0.1578125 0.28203125
1 0.02109375 0.63984375 0.0421875 0.26171875
1 0.31484375 0.85703125 0.2203125 0.2796875
1 0.97265625 0.684375 0.0546875 0.2875
1 0.83203125 0.5390625 0.10859375 0.12734375
1 0.73984375 0.39921875 0.075 0.14453125
1 0.67421875 0.35859375 0.065625 0.12890625
1 0.5875 0.36796875 0.0859375 0.09609375
1 0.58671875 0.4171875 0.09765625 0.11328125