1 0.50234375 0.1171875 0.11484375 0.15390625
1 0.57265625 0.2421875 0.13828125 0.25859375
1 0.696875 0.27734375 0.071875 0.12578125
1 0.64375 0.4828125 0.0828125 0.11171875
1 0.65078125 0.228125 0.0546875 0.0828125
1 0.5828125 0.10078125 0.04140625 0.071875
1 0.91015625 0.646875 0.1796875 0.70625
1 0.2796875 0.21875 0.0453125 0.08515625
1 0.24765625 0.3375 0.08125 0.15234375
1 0.32578125 0.38828125 0.06328125 0.08671875
1 0.346875 0.60078125 0.10625 0.175
1 0.146875 0.6375 0.103125 0.25078125
1 0.3265625 0.8859375 0.340625 0.228125