1 0.68125 0.71015625 0.24296875 0.5734375
1 0.2671875 0.66015625 0.31796875 0.671875
1 0.11796875 0.4359375 0.19296875 0.453125
1 0.34921875 0.4109375 0.15390625 0.53671875
1 0.71015625 0.22578125 0.11015625 0.325
1 0.1859375 0.1921875 0.13203125 0.284375
1 0.7671875 0.3765625 0.14140625 0.3375
1 0.80546875 0.66875 0.38671875 0.57890625
1 0.5375 0.23046875 0.1234375 0.3765625
1 0.659375 0.0921875 0.09453125 0.184375
1 0.246875 0.08984375 0.1140625 0.17890625
1 0.19140625 0.934375 0.21015625 0.1265625
1 0.46015625 0.1125 0.08203125 0.22421875
1 0.071875 0.66015625 0.14375 0.6703125
1 0.58359375 0.51875 0.18046875 0.69609375
1 0.54140625 0.1015625 0.1109375 0.203125
1 0.5 0.49921875 0.99296875 0.99609375
1 0.89453125 0.64453125 0.20859375 0.528125