1 0.49453125 0.41171875 0.3390625 0.8234375
1 0.571875 0.075 0.11796875 0.15
1 0.7625 0.14609375 0.0578125 0.0734375
1 0.86640625 0.21484375 0.08203125 0.08515625
1 0.80390625 0.353125 0.153125 0.22421875
1 0.328125 0.14140625 0.034375 0.06171875
1 0.296875 0.1703125 0.02734375 0.0328125
1 0.25234375 0.2015625 0.0546875 0.06953125
1 0.33984375 0.315625 0.08359375 0.1234375
1 0.1453125 0.28359375 0.0828125 0.11796875
1 0.23984375 0.396875 0.16484375 0.2046875
1 0.03203125 0.52109375 0.0640625 0.3140625
1 0.9484375 0.56484375 0.10234375 0.5171875
1 0.64296875 0.91953125 0.4203125 0.1609375