1 0.38984375 0.12265625 0.03515625 0.0484375
1 0.41796875 0.18203125 0.03125 0.059375
1 0.47734375 0.2125 0.03359375 0.06015625
1 0.57890625 0.19765625 0.04375 0.06171875
1 0.64140625 0.203125 0.02890625 0.0515625
1 0.67734375 0.20390625 0.03515625 0.06796875
1 0.590625 0.2625 0.05546875 0.06796875
1 0.73125 0.2796875 0.0546875 0.07109375
1 0.86171875 0.37265625 0.06875 0.1
1 0.38359375 0.22421875 0.03359375 0.04453125
1 0.37421875 0.26796875 0.06328125 0.07578125
1 0.3609375 0.37265625 0.0765625 0.13125
1 0.29453125 0.5109375 0.115625 0.2234375
1 0.1671875 0.33515625 0.08203125 0.1140625
1 0.28125 0.22265625 0.04453125 0.06171875
1 0.2609375 0.27109375 0.03984375 0.06953125
1 0.3234375 0.1703125 0.05703125 0.10078125