1 0.43515625 0.18515625 0.0390625 0.06796875
1 0.47265625 0.21171875 0.03828125 0.065625
1 0.55546875 0.228125 0.0625 0.05234375
1 0.5859375 0.27578125 0.04921875 0.07109375
1 0.64140625 0.20625 0.028125 0.03671875
1 0.6703125 0.2203125 0.046875 0.12109375
1 0.75 0.2859375 0.084375 0.096875
1 0.8609375 0.378125 0.12265625 0.165625
1 0.38515625 0.23203125 0.0484375 0.03125
1 0.38984375 0.28671875 0.07109375 0.10625
1 0.3453125 0.3765625 0.0625 0.11796875
1 0.1921875 0.5 0.14921875 0.26796875
1 0.115625 0.3171875 0.06640625 0.090625
1 0.2484375 0.28359375 0.0421875 0.06015625
1 0.28203125 0.21171875 0.04140625 0.05625
1 0.309375 0.15859375 0.03515625 0.07734375
1 0.3796875 0.1625 0.0546875 0.0828125