1 0.2859375 0.86796875 0.265625 0.25859375
1 0.13671875 0.46015625 0.08203125 0.0921875
1 0.675 0.39609375 0.0765625 0.171875
1 0.7140625 0.45546875 0.12734375 0.190625
1 0.7890625 0.51796875 0.0953125 0.10625
1 0.2046875 0.5625 0.14921875 0.2171875
1 0.2546875 0.41171875 0.05 0.03046875
1 0.73671875 0.41640625 0.0546875 0.0578125
1 0.5765625 0.4046875 0.05546875 0.07734375
1 0.38828125 0.396875 0.05625 0.07890625
1 0.65078125 0.35 0.015625 0.0265625
1 0.3375 0.478125 0.08203125 0.12109375
1 0.553125 0.36640625 0.04921875 0.0703125
1 0.28671875 0.36484375 0.03984375 0.04609375
1 0.390625 0.221875 0.03984375 0.0625