1 0.80859375 0.68671875 0.26953125 0.6203125
1 0.26640625 0.32578125 0.17578125 0.465625
1 0.484375 0.3484375 0.14140625 0.53828125
1 0.84375 0.184375 0.1015625 0.34296875
1 0.675 0.18828125 0.14765625 0.37578125
1 0.90703125 0.40859375 0.15546875 0.44765625
1 0.7171875 0.37890625 0.1953125 0.50078125
1 0.14765625 0.61796875 0.27578125 0.74296875
1 0.3515625 0.13515625 0.0875 0.2703125
1 0.27109375 0.896875 0.20546875 0.203125
1 0.5953125 0.15390625 0.11015625 0.3078125
1 0.40234375 0.621875 0.25625 0.7484375
1 0.9609375 0.76328125 0.0765625 0.38359375
1 0.7984375 0.07109375 0.090625 0.1421875
1 0.5015625 0.49921875 0.990625 0.99375