1 0.8046875 0.71171875 0.26171875 0.57109375
1 0.38828125 0.67734375 0.275 0.6375
1 0.2390625 0.4140625 0.18671875 0.4234375
1 0.13125 0.640625 0.2609375 0.709375
1 0.83515625 0.21484375 0.11484375 0.3296875
1 0.30859375 0.2046875 0.13125 0.30078125
1 0.45390625 0.4203125 0.2046875 0.58671875
1 0.7734375 0.08671875 0.0875 0.17265625
1 0.89296875 0.44609375 0.1515625 0.44765625
1 0.30234375 0.9234375 0.2234375 0.15
1 0.71015625 0.5828125 0.18515625 0.8265625
1 0.64375 0.41484375 0.16015625 0.728125
1 0.49921875 0.49921875 0.99609375 0.9953125
1 0.9546875 0.7796875 0.0890625 0.43359375
1 0.628125 0.22734375 0.11328125 0.4546875