1 0.36875 0.66015625 0.29921875 0.675
1 0.78515625 0.72421875 0.26484375 0.54609375
1 0.128125 0.61796875 0.2546875 0.75625
1 0.45546875 0.409375 0.14453125 0.55234375
1 0.3125 0.18046875 0.11015625 0.29765625
1 0.82421875 0.21875 0.11015625 0.30703125
1 0.2421875 0.40546875 0.17734375 0.46328125
1 0.70078125 0.52265625 0.19453125 0.63515625
1 0.56953125 0.11875 0.08828125 0.2375
1 0.77890625 0.1 0.10390625 0.2
1 0.8859375 0.41953125 0.15390625 0.33359375
1 0.27421875 0.91171875 0.22890625 0.17109375
1 0.365625 0.0828125 0.096875 0.165625
1 0.625 0.334375 0.16796875 0.5625
1 0.64609375 0.12578125 0.12734375 0.2515625
1 0.49765625 0.49921875 0.99375 0.9953125