1 0.496875 0.26484375 0.0625 0.203125
1 0.2328125 0.89921875 0.321875 0.19609375
1 0.728125 0.36796875 0.11796875 0.24296875
1 0.8171875 0.4421875 0.16015625 0.21953125
1 0.7296875 0.27578125 0.0546875 0.0609375
1 0.31328125 0.225 0.0421875 0.0734375
1 0.67109375 0.20859375 0.05390625 0.08984375
1 0.57109375 0.26171875 0.05546875 0.09140625
1 0.8515625 0.36875 0.08359375 0.0734375
1 0.3234375 0.33515625 0.07578125 0.1109375
1 0.1484375 0.32265625 0.0875 0.10078125
1 0.23359375 0.44453125 0.15390625 0.21171875
1 0.2546875 0.26796875 0.04921875 0.03203125
1 0.446875 0.240625 0.04140625 0.1859375
1 0.0140625 0.47578125 0.02734375 0.0921875
1 0.48984375 0.18359375 0.03203125 0.040625
1 0.353125 0.1375 0.0703125 0.13359375