1 0.4390625 0.34765625 0.02734375 0.05625
1 0.5015625 0.3453125 0.05390625 0.06796875
1 0.5734375 0.38046875 0.059375 0.05234375
1 0.684375 0.3765625 0.0578125 0.05625
1 0.58046875 0.44921875 0.0734375 0.096875
1 0.75546875 0.45 0.08203125 0.07734375
1 0.81640625 0.5609375 0.0890625 0.1140625
1 0.415625 0.3921875 0.0453125 0.04609375
1 0.39296875 0.44140625 0.07734375 0.05234375
1 0.31796875 0.38125 0.04375 0.059375
1 0.2734375 0.4203125 0.03984375 0.065625
1 0.17578125 0.4515625 0.0609375 0.065625
1 0.02109375 0.63515625 0.04140625 0.2125
1 0.25546875 0.55390625 0.16796875 0.1890625
1 0.42421875 0.53515625 0.0796875 0.12734375
1 0.35625 0.271875 0.04375 0.07890625
1 0.42890625 0.8875 0.4078125 0.225