1 0.33828125 0.675 0.30703125 0.6453125
1 0.4796875 0.303125 0.07734375 0.2453125
1 0.09296875 0.29296875 0.06640625 0.18046875
1 0.33203125 0.2234375 0.053125 0.16796875
1 0.39375 0.55 0.18046875 0.45859375
1 0.121875 0.34921875 0.08515625 0.08125
1 0.4296875 0.23359375 0.05859375 0.16015625
1 0.540625 0.41484375 0.12890625 0.359375
1 0.71171875 0.2859375 0.053125 0.06796875
1 0.69140625 0.33828125 0.09453125 0.175
1 0.27265625 0.2453125 0.046875 0.04140625
1 0.678125 0.22734375 0.05390625 0.08515625
1 0.7875 0.321875 0.04765625 0.1421875
1 0.8546875 0.2515625 0.03203125 0.10234375
1 0.928125 0.1765625 0.03671875 0.09375
1 0.83984375 0.3875 0.08125 0.06171875
1 0.87265625 0.1625 0.02578125 0.11875
1 0.37421875 0.28359375 0.05859375 0.0578125
1 0.51953125 0.17890625 0.02890625 0.08359375
1 0.7984375 0.46171875 0.1640625 0.209375