1 0.48984375 0.23671875 0.03984375 0.07578125
1 0.45703125 0.2171875 0.03828125 0.090625
1 0.39921875 0.140625 0.0328125 0.065625
1 0.36015625 0.13984375 0.05234375 0.1171875
1 0.2796875 0.23046875 0.04921875 0.0640625
1 0.37109375 0.25390625 0.04921875 0.05625
1 0.390625 0.29296875 0.04296875 0.07578125
1 0.38515625 0.38203125 0.0625 0.13359375
1 0.25546875 0.290625 0.0296875 0.04296875
1 0.121875 0.3328125 0.084375 0.11171875
1 0.27578125 0.47421875 0.1515625 0.26015625
1 0.22109375 0.928125 0.21328125 0.14375
1 0.559375 0.24609375 0.04140625 0.071875
1 0.578125 0.29921875 0.05859375 0.08125
1 0.64609375 0.24765625 0.04453125 0.03046875
1 0.68125 0.2328125 0.04296875 0.06171875
1 0.73828125 0.28828125 0.040625 0.0640625
1 0.846875 0.409375 0.16796875 0.2125
1 0.96953125 0.56015625 0.0609375 0.19296875