1 0.22578125 0.44765625 0.1359375 0.15859375
1 0.34140625 0.34609375 0.08125 0.09921875
1 0.13046875 0.3203125 0.06015625 0.084375
1 0.803125 0.36953125 0.07578125 0.08125
1 0.74375 0.27890625 0.08359375 0.07890625
1 0.58515625 0.259375 0.05390625 0.08125
1 0.678125 0.19921875 0.04140625 0.08046875
1 0.55078125 0.2171875 0.04375 0.06484375
1 0.5890625 0.09453125 0.03125 0.05859375
1 0.475 0.19609375 0.0328125 0.065625
1 0.421875 0.18125 0.03125 0.06171875
1 0.384375 0.2671875 0.06328125 0.065625
1 0.27578125 0.215625 0.05234375 0.05
1 0.2515625 0.2671875 0.05234375 0.0484375
1 0.3140625 0.15625 0.03515625 0.0625
1 0.39140625 0.2265625 0.03671875 0.03046875
1 0.3578125 0.096875 0.0296875 0.05078125