1 0.384375 0.53515625 0.17734375 0.43828125
1 0.478125 0.3296875 0.07890625 0.30859375
1 0.31328125 0.66484375 0.35078125 0.66484375
1 0.85 0.36640625 0.0890625 0.08359375
1 0.13984375 0.33125 0.08359375 0.096875
1 0.66484375 0.21640625 0.05625 0.08359375
1 0.30859375 0.21328125 0.07890625 0.16328125
1 0.7140625 0.27734375 0.05390625 0.0640625
1 0.43515625 0.2375 0.05390625 0.1609375
1 0.5890625 0.26953125 0.0546875 0.07109375
1 0.69765625 0.19453125 0.03828125 0.11328125
1 0.69296875 0.3296875 0.09609375 0.17109375
1 0.2765625 0.2328125 0.04609375 0.04765625
1 0.54140625 0.23125 0.04765625 0.07265625
1 0.57734375 0.41015625 0.1390625 0.35234375
1 0.36875 0.27265625 0.06015625 0.06328125
1 0.5640625 0.16953125 0.06015625 0.11875
1 0.3953125 0.3875 0.11484375 0.30078125
1 0.1765625 0.665625 0.3515625 0.66328125