1 0.39765625 0.14453125 0.0453125 0.10234375
1 0.44296875 0.18125 0.0375 0.06328125
1 0.50546875 0.23359375 0.05703125 0.0921875
1 0.553125 0.24921875 0.0375 0.04765625
1 0.5578125 0.2984375 0.04375 0.0640625
1 0.64140625 0.234375 0.03125 0.04296875
1 0.6703125 0.23046875 0.02578125 0.07734375
1 0.728125 0.29921875 0.03671875 0.0734375
1 0.84609375 0.3828125 0.05 0.08046875
1 0.9625 0.5140625 0.07421875 0.2453125
1 0.3828125 0.253125 0.025 0.04765625
1 0.39453125 0.32109375 0.05625 0.09296875
1 0.31328125 0.24375 0.05546875 0.08046875
1 0.28125 0.315625 0.08203125 0.10390625
1 0.38515625 0.3765625 0.06171875 0.096875
1 0.14921875 0.34296875 0.08125 0.0890625
1 0.28203125 0.4890625 0.14453125 0.1875
1 0.01640625 0.54765625 0.0328125 0.1828125
1 0.2015625 0.840625 0.259375 0.31875