1 0.221875 0.503125 0.1375 0.36640625
1 0.6796875 0.50625 0.07734375 0.27265625
1 0.9265625 0.45859375 0.103125 0.29453125
1 0.9765625 0.53359375 0.046875 0.3734375
1 0.15625 0.934375 0.24375 0.13125
1 0.034375 0.30703125 0.06484375 0.19453125
1 0.13203125 0.1265625 0.10390625 0.1640625
1 0.2984375 0.23046875 0.1046875 0.209375
1 0.4765625 0.11015625 0.0640625 0.14609375
1 0.5375 0.2359375 0.0875 0.16953125
1 0.759375 0.2640625 0.0765625 0.16796875
1 0.67109375 0.08203125 0.0703125 0.14921875
1 0.63203125 0.02421875 0.05546875 0.04453125
1 0.18828125 0.0265625 0.07109375 0.0453125