1 0.4140625 0.32734375 0.284375 0.6546875
1 0.2671875 0.203125 0.0578125 0.11953125
1 0.25234375 0.42421875 0.14375 0.20234375
1 0.1578125 0.2859375 0.09375 0.1546875
1 0.03515625 0.55859375 0.0703125 0.3375
1 0.821875 0.396875 0.16015625 0.29921875
1 0.65 0.2671875 0.08671875 0.13515625
1 0.74921875 0.128125 0.0765625 0.0984375
1 0.878125 0.2375 0.09609375 0.12109375
1 0.959375 0.34296875 0.08046875 0.52421875
1 0.62265625 0.1328125 0.0515625 0.10234375
1 0.678125 0.084375 0.04453125 0.07734375
1 0.6328125 0.884375 0.275 0.23046875