1 0.39921875 0.19140625 0.04921875 0.0921875
1 0.33828125 0.27109375 0.0390625 0.04609375
1 0.40234375 0.309375 0.028125 0.03515625
1 0.3921875 0.35 0.05078125 0.0640625
1 0.35234375 0.42578125 0.0734375 0.0921875
1 0.31484375 0.31640625 0.0640625 0.08125
1 0.25234375 0.36484375 0.04765625 0.05546875
1 0.15859375 0.3921875 0.08984375 0.090625
1 0.1984375 0.53125 0.159375 0.22421875
1 0.03671875 0.56015625 0.0734375 0.1625
1 0.16328125 0.9171875 0.21484375 0.165625
1 0.54453125 0.30078125 0.03203125 0.04296875
1 0.571875 0.3109375 0.0546875 0.06015625
1 0.578125 0.35390625 0.053125 0.06953125
1 0.65625 0.3 0.0390625 0.0421875
1 0.68046875 0.3 0.0328125 0.07109375
1 0.73828125 0.37421875 0.05390625 0.05546875
1 0.80546875 0.4625 0.06328125 0.09609375
1 0.978125 0.59140625 0.04375 0.1421875
1 0.45859375 0.36875 0.06328125 0.23125