1 0.4046875 0.27734375 0.1171875 0.26640625
1 0.825 0.46640625 0.0796875 0.0765625
1 0.403125 0.615625 0.14921875 0.4671875
1 0.1296875 0.41875 0.08359375 0.09453125
1 0.19921875 0.91640625 0.28671875 0.16328125
1 0.66875 0.3171875 0.05234375 0.0828125
1 0.94921875 0.7359375 0.1 0.521875
1 0.728125 0.37734375 0.05234375 0.0578125
1 0.52421875 0.49296875 0.12578125 0.39453125
1 0.79375 0.540625 0.1421875 0.22578125
1 0.23828125 0.7046875 0.47421875 0.584375
1 0.7015625 0.42890625 0.1046875 0.1609375
1 0.01640625 0.6046875 0.0328125 0.18359375
1 0.309375 0.3234375 0.04140625 0.05859375
1 0.33359375 0.3234375 0.03671875 0.134375
1 0.66640625 0.3390625 0.078125 0.125