1 0.5125 0.0875 0.15 0.175
1 0.6875 0.23671875 0.046875 0.08046875
1 0.6671875 0.2828125 0.04921875 0.05390625
1 0.77265625 0.29296875 0.0859375 0.1
1 0.68125 0.3875 0.12265625 0.12109375
1 0.58359375 0.10234375 0.128125 0.2046875
1 0.86015625 0.346875 0.0765625 0.12578125
1 0.7859375 0.47265625 0.15 0.23359375
1 0.9859375 0.546875 0.028125 0.29375
1 0.2984375 0.32265625 0.0734375 0.08125
1 0.3421875 0.42109375 0.08046875 0.0984375
1 0.178125 0.36796875 0.109375 0.11796875
1 0.28671875 0.5171875 0.17265625 0.18359375
1 0.03984375 0.67421875 0.0796875 0.2828125