1 0.22890625 0.08359375 0.096875 0.1296875
1 0.3453125 0.20703125 0.10546875 0.2
1 0.31796875 0.45859375 0.13125 0.29921875
1 0.18515625 0.89921875 0.234375 0.190625
1 0.778125 0.49453125 0.11640625 0.17265625
1 0.85390625 0.26796875 0.07578125 0.178125
1 0.6640625 0.25 0.07578125 0.21171875
1 0.0515625 0.39765625 0.096875 0.32421875
1 0.12421875 0.26953125 0.134375 0.19609375
1 0.59609375 0.01171875 0.04296875 0.02265625
1 0.7265625 0.01796875 0.06328125 0.0359375
1 0.6078125 0.09609375 0.10234375 0.125
1 0.77421875 0.103125 0.08046875 0.1546875