1 0.39140625 0.2140625 0.0546875 0.07890625
1 0.33203125 0.3078125 0.04453125 0.06171875
1 0.31875 0.3546875 0.0546875 0.07578125
1 0.2578125 0.40625 0.0453125 0.06953125
1 0.17890625 0.45703125 0.0859375 0.1234375
1 0.23203125 0.58984375 0.15 0.2453125
1 0.37265625 0.92421875 0.3296875 0.1515625
1 0.025 0.621875 0.05 0.146875
1 0.56875 0.39765625 0.07109375 0.1078125
1 0.74453125 0.4171875 0.0640625 0.06015625
1 0.6796875 0.32890625 0.0640625 0.0984375
1 0.63984375 0.32890625 0.046875 0.075
1 0.553125 0.34375 0.06015625 0.0578125
1 0.82578125 0.4984375 0.10078125 0.07734375
1 0.98828125 0.640625 0.0234375 0.1