1 0.31953125 0.66171875 0.29765625 0.67109375
1 0.078125 0.2015625 0.06640625 0.25078125
1 0.40703125 0.52421875 0.153125 0.47734375
1 0.64765625 0.2078125 0.09921875 0.14140625
1 0.32890625 0.190625 0.04921875 0.16484375
1 0.4734375 0.2921875 0.0875 0.26015625
1 0.1421875 0.31484375 0.0828125 0.090625
1 0.78125 0.4265625 0.13203125 0.2140625
1 0.29765625 0.22578125 0.05703125 0.0953125
1 0.7234375 0.25859375 0.05234375 0.05546875
1 0.8078125 0.35390625 0.07890625 0.06640625
1 0.39140625 0.14609375 0.03515625 0.115625
1 0.4265625 0.1859375 0.03203125 0.09921875
1 0.378125 0.2484375 0.06015625 0.0578125
1 0.2921875 0.2046875 0.04453125 0.05234375
1 0.53984375 0.4015625 0.13515625 0.4046875