1 0.44375 0.28359375 0.04296875 0.0734375
1 0.49765625 0.30078125 0.04140625 0.06015625
1 0.34375 0.19921875 0.053125 0.08125
1 0.403125 0.315625 0.03359375 0.05625
1 0.39921875 0.35546875 0.0515625 0.09453125
1 0.3484375 0.421875 0.06953125 0.10625
1 0.30078125 0.33203125 0.06328125 0.08671875
1 0.2578125 0.36171875 0.03671875 0.059375
1 0.16015625 0.409375 0.09140625 0.11796875
1 0.2109375 0.52421875 0.153125 0.2234375
1 0.3140625 0.8625 0.240625 0.275
1 0.80078125 0.46796875 0.0859375 0.10859375
1 0.75 0.37265625 0.0515625 0.084375
1 0.6953125 0.32109375 0.0609375 0.0984375