1 0.2890625 0.48203125 0.090625 0.246875
1 0.7140625 0.5375 0.08671875 0.2015625
1 0.9640625 0.515625 0.071875 0.27578125
1 0.81484375 0.28984375 0.09609375 0.175
1 0.60625 0.2765625 0.040625 0.146875
1 0.5640625 0.1296875 0.05703125 0.10625
1 0.74453125 0.1109375 0.06953125 0.1390625
1 0.684375 0.0390625 0.071875 0.078125
1 0.54765625 0.0203125 0.05078125 0.040625
1 0.23125 0.03046875 0.0640625 0.0609375
1 0.1734375 0.103125 0.08828125 0.15078125
1 0.31875 0.24765625 0.09765625 0.21875
1 0.0875 0.29609375 0.1171875 0.17734375
1 0.0265625 0.40703125 0.053125 0.29375
1 0.190625 0.92265625 0.1703125 0.15390625