1 0.56484375 0.115625 0.1078125 0.18671875
1 0.7140625 0.1234375 0.05859375 0.096875
1 0.775 0.21796875 0.05234375 0.16796875
1 0.93515625 0.55859375 0.1296875 0.8796875
1 0.4796875 0.06484375 0.06796875 0.10078125
1 0.4265625 0.090625 0.06015625 0.07578125
1 0.4 0.22734375 0.06328125 0.11015625
1 0.31328125 0.22578125 0.109375 0.15234375
1 0.32578125 0.096875 0.06328125 0.12109375
1 0.15859375 0.409375 0.10078125 0.15
1 0.40546875 0.41875 0.10390625 0.1625
1 0.3671875 0.790625 0.2390625 0.41796875
1 0.04453125 0.8171875 0.0890625 0.365625