1 0.29296875 0.66328125 0.3875 0.6671875
1 0.853125 0.35703125 0.08984375 0.08515625
1 0.12109375 0.32109375 0.09375 0.09375
1 0.540625 0.40078125 0.14140625 0.34375
1 0.8671875 0.26328125 0.05859375 0.1421875
1 0.8078125 0.43046875 0.18046875 0.234375
1 0.584375 0.26328125 0.053125 0.06875
1 0.32421875 0.20703125 0.04453125 0.159375
1 0.67265625 0.20703125 0.04921875 0.0875
1 0.43671875 0.22109375 0.05 0.14453125
1 0.5546875 0.2171875 0.04921875 0.06640625
1 0.3796875 0.5203125 0.18046875 0.43828125
1 0.7265625 0.27421875 0.053125 0.053125
1 0.36875 0.2625 0.0609375 0.06328125
1 0.2859375 0.21953125 0.04375 0.05390625
1 0.3953125 0.3953125 0.11328125 0.3375
1 0.69921875 0.3265625 0.10859375 0.16015625
1 0.47578125 0.30546875 0.0859375 0.2640625
1 0.2953125 0.23984375 0.06328125 0.0953125