1 0.4328125 0.41328125 0.2875 0.82578125
1 0.26328125 0.2078125 0.0671875 0.1078125
1 0.165625 0.23828125 0.1015625 0.090625
1 0.2265625 0.37734375 0.11640625 0.16953125
1 0.015625 0.58203125 0.03046875 0.34140625
1 0.04921875 0.934375 0.0984375 0.13125
1 0.74453125 0.94921875 0.21953125 0.10078125
1 0.8109375 0.3125 0.12578125 0.17578125
1 0.8421875 0.18515625 0.071875 0.096875
1 0.6625 0.24140625 0.10234375 0.1046875
1 0.75625 0.121875 0.07109375 0.06796875
1 0.6859375 0.10859375 0.05 0.0484375
1 0.65703125 0.04921875 0.046875 0.03828125
1 0.5921875 0.10078125 0.06875 0.2015625
1 0.55703125 0.1171875 0.0828125 0.234375
1 0.51484375 0.13828125 0.096875 0.2765625