1 0.346875 0.10703125 0.0578125 0.06953125
1 0.26328125 0.22265625 0.05 0.0515625
1 0.1578125 0.31953125 0.08203125 0.0828125
1 0.2359375 0.45 0.11015625 0.14453125
1 0.2375 0.8984375 0.284375 0.203125
1 0.3640625 0.3671875 0.0765625 0.15390625
1 0.38984375 0.2484375 0.0546875 0.05
1 0.42421875 0.19921875 0.053125 0.0578125
1 0.39375 0.12734375 0.02109375 0.06328125
1 0.4875 0.19921875 0.0328125 0.05390625
1 0.5578125 0.2171875 0.0390625 0.040625
1 0.64609375 0.20390625 0.03671875 0.0328125
1 0.68359375 0.215625 0.04765625 0.08125
1 0.58046875 0.26484375 0.0515625 0.05234375
1 0.74140625 0.2875 0.04296875 0.084375
1 0.82578125 0.37578125 0.08046875 0.1046875