1 0.72421875 0.34453125 0.378125 0.6890625
1 0.16875 0.471875 0.0796875 0.1171875
1 0.28828125 0.19453125 0.046875 0.06796875
1 0.39296875 0.2046875 0.03984375 0.06484375
1 0.3484375 0.50078125 0.07421875 0.153125
1 0.275 0.3578125 0.09765625 0.1953125
1 0.48046875 0.0859375 0.075 0.07421875
1 0.41796875 0.103125 0.02109375 0.0234375
1 0.4 0.15546875 0.05390625 0.08203125
1 0.03125 0.8671875 0.0625 0.2625
1 0.26171875 0.8328125 0.10703125 0.28046875
1 0.51171875 0.25546875 0.07734375 0.18984375
1 0.96640625 0.73984375 0.0671875 0.5203125