1 0.22734375 0.08828125 0.08984375 0.1765625
1 0.35390625 0.19765625 0.09609375 0.19609375
1 0.54296875 0.1609375 0.0796875 0.15625
1 0.76171875 0.10390625 0.1046875 0.14765625
1 0.646875 0.23984375 0.1125 0.19921875
1 0.83203125 0.2796875 0.115625 0.18359375
1 0.76328125 0.54609375 0.1234375 0.26875
1 0.975 0.4609375 0.05 0.28125
1 0.0984375 0.27890625 0.1046875 0.24765625
1 0.27421875 0.4796875 0.134375 0.35234375
1 0.03828125 0.39921875 0.0765625 0.2171875
1 0.2203125 0.89609375 0.221875 0.20703125
1 0.5875 0.01875 0.07265625 0.0375
1 0.71796875 0.0140625 0.08203125 0.028125