1 0.39609375 0.1 0.05859375 0.10234375
1 0.4421875 0.19140625 0.03828125 0.084375
1 0.55 0.234375 0.05625 0.08515625
1 0.64921875 0.21640625 0.0484375 0.0578125
1 0.68515625 0.2203125 0.06640625 0.0890625
1 0.725 0.3015625 0.05078125 0.0640625
1 0.8203125 0.3953125 0.12109375 0.115625
1 0.58828125 0.2875 0.0953125 0.11015625
1 0.38046875 0.27109375 0.05 0.06953125
1 0.4078125 0.240625 0.04140625 0.0484375
1 0.28125 0.234375 0.046875 0.0671875
1 0.26796875 0.2875 0.05859375 0.06328125
1 0.40546875 0.3640625 0.13828125 0.13125
1 0.15859375 0.3390625 0.1015625 0.1234375
1 0.2078125 0.44765625 0.17265625 0.24921875
1 0.3125 0.7890625 0.2046875 0.378125
1 0.96484375 0.46953125 0.0703125 0.15859375