1 0.32265625 0.45 0.128125 0.3078125
1 0.71953125 0.61640625 0.115625 0.2875
1 0.9734375 0.46484375 0.053125 0.28203125
1 0.8390625 0.26640625 0.09453125 0.18671875
1 0.6453125 0.221875 0.08046875 0.2
1 0.753125 0.084375 0.0734375 0.14921875
1 0.5796875 0.084375 0.0828125 0.1453125
1 0.565625 0.021875 0.0515625 0.04375
1 0.71953125 0.01953125 0.0734375 0.0375
1 0.12109375 0.2671875 0.11328125 0.18359375
1 0.21796875 0.909375 0.26484375 0.18125
1 0.02734375 0.4234375 0.04921875 0.37109375
1 0.19921875 0.0859375 0.109375 0.1484375
1 0.33671875 0.215625 0.10625 0.15390625