1 0.4375 0.18671875 0.03671875 0.0640625
1 0.4734375 0.2078125 0.0421875 0.06953125
1 0.553125 0.21875 0.0453125 0.0640625
1 0.63984375 0.1984375 0.046875 0.06796875
1 0.66953125 0.19921875 0.040625 0.07109375
1 0.58203125 0.26640625 0.06875 0.07890625
1 0.71953125 0.2703125 0.04765625 0.0578125
1 0.8515625 0.3765625 0.0921875 0.125
1 0.4078125 0.24140625 0.0484375 0.07109375
1 0.36640625 0.26484375 0.071875 0.05625
1 0.3265625 0.1640625 0.05234375 0.1
1 0.28125 0.215625 0.0453125 0.0671875
1 0.24140625 0.290625 0.04609375 0.0671875
1 0.3734375 0.36484375 0.07890625 0.09453125
1 0.27578125 0.47265625 0.13359375 0.1734375
1 0.15625 0.33515625 0.115625 0.1390625