1 0.69921875 0.6859375 0.24921875 0.6234375
1 0.28125 0.6515625 0.29609375 0.6890625
1 0.34609375 0.37109375 0.209375 0.5765625
1 0.77421875 0.39140625 0.13671875 0.40546875
1 0.8953125 0.66484375 0.20703125 0.66328125
1 0.10703125 0.409375 0.20078125 0.484375
1 0.7046875 0.175 0.10078125 0.31171875
1 0.20234375 0.1515625 0.096875 0.28203125
1 0.13984375 0.9140625 0.20390625 0.16796875
1 0.50625 0.34375 0.09921875 0.55
1 0.525 0.10625 0.13046875 0.2125
1 0.6046875 0.46640625 0.175 0.67890625
1 0.07890625 0.70859375 0.1578125 0.56796875
1 0.49921875 0.49921875 0.99609375 0.99453125
1 0.64375 0.06953125 0.071875 0.1390625