1 0.17734375 0.27265625 0.1078125 0.18359375
1 0.43046875 0.27890625 0.0921875 0.1828125
1 0.26796875 0.13984375 0.08359375 0.13984375
1 0.325 0.4765625 0.11953125 0.26953125
1 0.31171875 0.03046875 0.0453125 0.0609375
1 0.05703125 0.41015625 0.1140625 0.3171875
1 0.78046875 0.62734375 0.096875 0.2421875
1 0.965625 0.603125 0.06875 0.265625
1 0.89140625 0.3890625 0.07578125 0.159375
1 0.8171875 0.2171875 0.08671875 0.16171875
1 0.67578125 0.3390625 0.0703125 0.17734375
1 0.68828125 0.1875 0.071875 0.13125
1 0.7765625 0.1 0.05859375 0.1328125
1 0.62890625 0.053125 0.05078125 0.10546875
1 0.7109375 0.02890625 0.05 0.0578125
1 0.56640625 0.04140625 0.06015625 0.0828125