1 0.4 0.11328125 0.04765625 0.075
1 0.39296875 0.2734375 0.075 0.0984375
1 0.321875 0.22421875 0.05078125 0.05390625
1 0.2875 0.265625 0.0609375 0.0640625
1 0.3484375 0.3421875 0.08359375 0.1140625
1 0.16875 0.3359375 0.1046875 0.096875
1 0.22890625 0.49296875 0.18984375 0.25078125
1 0.2578125 0.9046875 0.32421875 0.18984375
1 0.51015625 0.23203125 0.05546875 0.084375
1 0.4453125 0.2171875 0.03046875 0.0515625
1 0.5703125 0.23125 0.04296875 0.04609375
1 0.5796875 0.27734375 0.07734375 0.059375
1 0.6609375 0.21953125 0.0421875 0.05625
1 0.6859375 0.2390625 0.059375 0.1171875
1 0.73515625 0.2953125 0.05 0.04453125
1 0.88828125 0.43046875 0.14140625 0.165625
1 0.99296875 0.58046875 0.0140625 0.1296875