1 0.35625 0.10234375 0.05625 0.1078125
1 0.38984375 0.10546875 0.0328125 0.05390625
1 0.4359375 0.15703125 0.0421875 0.08046875
1 0.49765625 0.1859375 0.04296875 0.07734375
1 0.3828125 0.23828125 0.05625 0.08046875
1 0.28671875 0.1953125 0.0359375 0.05625
1 0.2453125 0.240625 0.034375 0.040625
1 0.3828125 0.33203125 0.084375 0.12109375
1 0.16484375 0.2984375 0.11796875 0.15859375
1 0.2296875 0.45 0.12734375 0.26796875
1 0.02578125 0.46484375 0.0515625 0.1046875
1 0.3703125 0.8640625 0.41484375 0.27109375
1 0.8484375 0.35078125 0.07109375 0.09296875
1 0.98515625 0.49609375 0.0296875 0.1203125
1 0.72890625 0.25859375 0.03515625 0.065625
1 0.67890625 0.19296875 0.04375 0.096875
1 0.65078125 0.18984375 0.02421875 0.034375
1 0.5609375 0.190625 0.0515625 0.04296875
1 0.578125 0.26328125 0.04765625 0.11171875