1 0.2015625 0.10078125 0.09921875 0.13515625
1 0.12109375 0.25859375 0.10859375 0.17109375
1 0.29765625 0.253125 0.09765625 0.14921875
1 0.33828125 0.48203125 0.11171875 0.25390625
1 0.03828125 0.43125 0.0765625 0.29609375
1 0.75859375 0.52421875 0.13125 0.23125
1 0.96953125 0.4859375 0.06015625 0.2359375
1 0.8328125 0.29375 0.07890625 0.153125
1 0.69140625 0.26015625 0.0890625 0.15546875
1 0.7578125 0.10703125 0.0703125 0.1328125
1 0.61015625 0.12421875 0.06328125 0.1125
1 0.72265625 0.025 0.059375 0.05
1 0.5765625 0.0234375 0.06796875 0.046875