1 0.80390625 0.590625 0.39140625 0.81875
1 0.62890625 0.153125 0.05546875 0.075
1 0.6015625 0.09921875 0.04453125 0.059375
1 0.528125 0.11875 0.08671875 0.18515625
1 0.4640625 0.278125 0.1734375 0.29140625
1 0.32421875 0.13984375 0.0375 0.10078125
1 0.390625 0.23203125 0.0578125 0.0828125
1 0.31640625 0.1125 0.0390625 0.10859375
1 0.28046875 0.27109375 0.0515625 0.10390625
1 0.35234375 0.50625 0.0609375 0.1328125
1 0.159375 0.53125 0.1640625 0.3140625
1 0.23984375 0.87421875 0.17421875 0.25078125
1 0.0453125 0.81328125 0.090625 0.35546875