1 0.5890625 0.246875 0.27421875 0.4359375
1 0.4390625 0.165625 0.08671875 0.24140625
1 0.3984375 0.06796875 0.0546875 0.10390625
1 0.359375 0.17890625 0.0546875 0.12109375
1 0.2984375 0.05 0.0265625 0.06328125
1 0.36953125 0.046875 0.0234375 0.03828125
1 0.3640625 0.10078125 0.03359375 0.0421875
1 0.24765625 0.29296875 0.0796875 0.13125
1 0.35 0.33359375 0.05703125 0.11015625
1 0.12734375 0.54921875 0.128125 0.1546875
1 0.7953125 0.39453125 0.0765625 0.171875
1 0.934375 0.52578125 0.128125 0.39765625
1 0.33828125 0.5265625 0.103125 0.2078125