1 0.7515625 0.67890625 0.2484375 0.6359375
1 0.42265625 0.3921875 0.14921875 0.5328125
1 0.3609375 0.65078125 0.28671875 0.69296875
1 0.19375 0.42109375 0.1921875 0.4328125
1 0.1125 0.634375 0.225 0.72578125
1 0.8390625 0.3828125 0.15078125 0.4421875
1 0.2734375 0.18203125 0.09296875 0.27578125
1 0.76953125 0.1765625 0.09921875 0.34296875
1 0.65390625 0.5640625 0.18515625 0.8640625
1 0.26640625 0.92265625 0.19765625 0.1515625
1 0.3125 0.08125 0.09921875 0.16171875
1 0.93125 0.7078125 0.1359375 0.446875
1 0.71640625 0.07578125 0.084375 0.1515625
1 0.52109375 0.196875 0.0953125 0.39375
1 0.58515625 0.41328125 0.15859375 0.809375
1 0.6 0.20390625 0.12890625 0.39140625
1 0.49921875 0.49921875 0.99453125 0.99453125