1 0.59140625 0.0546875 0.07890625 0.0984375
1 0.54609375 0.05078125 0.0640625 0.1015625
1 0.69140625 0.27421875 0.1625 0.18671875
1 0.73984375 0.11796875 0.07421875 0.146875
1 0.909375 0.5203125 0.18125 0.84453125
1 0.40625 0.3796875 0.09921875 0.1625
1 0.271875 0.68046875 0.10234375 0.26484375
1 0.0890625 0.53671875 0.15390625 0.36015625
1 0.18671875 0.315625 0.08828125 0.15625
1 0.34609375 0.14453125 0.0453125 0.1234375
1 0.384375 0.06484375 0.0625 0.1140625
1 0.47734375 0.10078125 0.05859375 0.0984375