1 0.19296875 0.4171875 0.1546875 0.21640625
1 0.1515625 0.30625 0.08515625 0.0984375
1 0.7890625 0.4328125 0.109375 0.2359375
1 0.728125 0.27265625 0.05390625 0.05
1 0.3875 0.059375 0.04375 0.0671875
1 0.253125 0.259375 0.04765625 0.0296875
1 0.28125 0.20859375 0.0421875 0.0515625
1 0.5578125 0.26484375 0.05703125 0.10390625
1 0.27890625 0.30078125 0.0828125 0.15703125
1 0.41171875 0.33984375 0.0796875 0.1328125
1 0.67578125 0.20546875 0.0546875 0.0890625
1 0.56484375 0.2125 0.0578125 0.0796875
1 0.34921875 0.7765625 0.24453125 0.44453125
1 0.15625 0.59609375 0.28515625 0.5640625
1 0.6515625 0.19921875 0.0140625 0.0234375
1 0.98515625 0.4984375 0.02734375 0.1421875
1 0.5453125 0.39453125 0.1 0.3609375
1 0.45390625 0.18828125 0.03984375 0.08046875