1 0.28984375 0.71875 0.40859375 0.55703125
1 0.178125 0.5484375 0.18671875 0.2125
1 0.6890625 0.43515625 0.08984375 0.16796875
1 0.33046875 0.309375 0.04609375 0.13984375
1 0.48984375 0.38203125 0.06484375 0.159375
1 0.13828125 0.43828125 0.09296875 0.084375
1 0.4328125 0.33046875 0.06171875 0.14453125
1 0.084375 0.63671875 0.16875 0.7203125
1 0.7796875 0.55546875 0.1296875 0.2125
1 0.34765625 0.475 0.08203125 0.11484375
1 0.70234375 0.3890625 0.06328125 0.0765625
1 0.27734375 0.415625 0.06171875 0.09375
1 0.66953125 0.3234375 0.0484375 0.084375
1 0.28046875 0.33984375 0.04296875 0.04296875
1 0.78828125 0.503125 0.10546875 0.1078125
1 0.77421875 0.4015625 0.028125 0.0578125
1 0.528125 0.5328125 0.10234375 0.39609375
1 0.39375 0.28671875 0.03359375 0.115625
1 0.39296875 0.3484375 0.03828125 0.0359375
1 0.815625 0.41640625 0.0421875 0.075
1 0.39375 0.65390625 0.17734375 0.475