1 0.26171875 0.7921875 0.13359375 0.21171875
1 0.15078125 0.41484375 0.12265625 0.2234375
1 0.03984375 0.77109375 0.0796875 0.3421875
1 0.3578125 0.40859375 0.08671875 0.17265625
1 0.478125 0.10390625 0.11796875 0.2078125
1 0.40390625 0.03671875 0.03828125 0.06953125
1 0.83671875 0.3109375 0.3140625 0.60078125
1 0.39453125 0.08984375 0.040625 0.06953125
1 0.67109375 0.13046875 0.03515625 0.1203125
1 0.275 0.21796875 0.0890625 0.16953125
1 0.2703125 0.1703125 0.05078125 0.0671875
1 0.36875 0.21875 0.06015625 0.14609375
1 0.44765625 0.19921875 0.3578125 0.39765625
1 0.30625 0.53984375 0.05625 0.12265625
1 0.209375 0.921875 0.08828125 0.15625