1 0.39453125 0.25703125 0.05546875 0.08828125
1 0.31640625 0.33359375 0.0375 0.05546875
1 0.3078125 0.37109375 0.0578125 0.071875
1 0.3953125 0.378125 0.06328125 0.034375
1 0.390625 0.41328125 0.0578125 0.05234375
1 0.32890625 0.49140625 0.0703125 0.0921875
1 0.2296875 0.4234375 0.059375 0.06171875
1 0.13984375 0.44296875 0.0671875 0.08515625
1 0.21796875 0.6046875 0.18203125 0.28515625
1 0.55859375 0.3578125 0.06796875 0.0515625
1 0.55390625 0.42265625 0.0765625 0.07109375
1 0.659375 0.3625 0.0453125 0.04453125
1 0.69140625 0.35859375 0.03515625 0.1
1 0.73125 0.43359375 0.0546875 0.05546875
1 0.83984375 0.5328125 0.0953125 0.14609375
1 0.98203125 0.64375 0.0359375 0.190625
1 0.4609375 0.409375 0.08359375 0.22734375
1 0.275 0.90625 0.453125 0.1875