1 0.1265625 0.4640625 0.08984375 0.07421875
1 0.33828125 0.35078125 0.05234375 0.15234375
1 0.32265625 0.7328125 0.33046875 0.53125
1 0.43125 0.3671875 0.06328125 0.16484375
1 0.48046875 0.42578125 0.078125 0.24296875
1 0.1671875 0.7328125 0.33359375 0.5296875
1 0.55 0.52265625 0.11484375 0.33359375
1 0.67109375 0.34609375 0.046875 0.08515625
1 0.30078125 0.38046875 0.06796875 0.09375
1 0.396875 0.659375 0.1671875 0.43046875
1 0.29296875 0.3578125 0.05078125 0.0484375
1 0.71328125 0.40703125 0.05 0.05859375
1 0.69296875 0.4578125 0.09140625 0.1609375
1 0.77109375 0.57578125 0.109375 0.203125
1 0.35390625 0.5015625 0.08125 0.115625
1 0.6609375 0.3953125 0.06953125 0.184375