1 0.33828125 0.065625 0.04453125 0.1
1 0.27421875 0.16015625 0.0234375 0.04765625
1 0.37578125 0.19375 0.0390625 0.03515625
1 0.36953125 0.22578125 0.05703125 0.05234375
1 0.3859375 0.3109375 0.084375 0.12890625
1 0.25859375 0.2296875 0.0515625 0.06328125
1 0.125 0.25859375 0.06796875 0.08671875
1 0.2015625 0.39921875 0.14296875 0.20234375
1 0.23828125 0.86953125 0.32734375 0.2609375
1 0.68515625 0.165625 0.0421875 0.08671875
1 0.65546875 0.146875 0.0203125 0.0234375
1 0.57265625 0.15390625 0.0484375 0.05234375
1 0.584375 0.22578125 0.0625 0.08671875
1 0.4890625 0.16328125 0.0484375 0.06171875
1 0.425 0.14765625 0.053125 0.071875
1 0.7421875 0.24296875 0.0546875 0.06796875
1 0.771875 0.3515625 0.07890625 0.10234375
1 0.975 0.45234375 0.05 0.1484375
1 0.3828125 0.0859375 0.03203125 0.0640625