1 0.4328125 0.18671875 0.0390625 0.0640625
1 0.36171875 0.125 0.03984375 0.065625
1 0.47734375 0.2078125 0.040625 0.07109375
1 0.55546875 0.21953125 0.05625 0.05546875
1 0.640625 0.20625 0.0390625 0.03125
1 0.671875 0.2078125 0.05703125 0.0828125
1 0.5875 0.26875 0.05625 0.075
1 0.728125 0.2765625 0.06640625 0.059375
1 0.84921875 0.375 0.0859375 0.0984375
1 0.38359375 0.23515625 0.04609375 0.0390625
1 0.36875 0.275 0.06796875 0.06171875
1 0.29296875 0.21640625 0.04765625 0.06328125
1 0.246875 0.2765625 0.05078125 0.059375
1 0.36328125 0.359375 0.103125 0.10859375
1 0.13828125 0.32578125 0.11640625 0.0890625
1 0.19296875 0.4515625 0.1640625 0.2234375