1 0.57890625 0.12734375 0.1109375 0.23359375
1 0.53046875 0.0546875 0.04921875 0.09609375
1 0.50390625 0.03828125 0.0375 0.06796875
1 0.47421875 0.13515625 0.03828125 0.07890625
1 0.4875 0.07109375 0.04140625 0.0734375
1 0.4203125 0.0640625 0.03125 0.08515625
1 0.34765625 0.23671875 0.05390625 0.140625
1 0.4453125 0.4375 0.090625 0.15234375
1 0.2015625 0.4671875 0.11640625 0.196875
1 0.0671875 0.71875 0.1171875 0.20859375
1 0.66640625 0.79453125 0.66640625 0.41015625
1 0.8359375 0.24453125 0.0890625 0.1296875
1 0.76484375 0.13984375 0.05234375 0.06171875
1 0.74453125 0.08046875 0.06484375 0.11796875