1 0.2875 0.66484375 0.36015625 0.66484375
1 0.47890625 0.3 0.07890625 0.2703125
1 0.11796875 0.321875 0.08671875 0.07734375
1 0.771875 0.43671875 0.1140625 0.20625
1 0.65234375 0.2140625 0.09921875 0.14140625
1 0.73046875 0.2671875 0.053125 0.04765625
1 0.3828125 0.5125 0.20546875 0.4328125
1 0.78515625 0.3796875 0.0875 0.090625
1 0.27890625 0.21640625 0.04609375 0.04296875
1 0.42890625 0.2328125 0.06953125 0.153125
1 0.29765625 0.2359375 0.08515625 0.08203125
1 0.35625 0.25703125 0.0578125 0.05703125
1 0.3890625 0.2234375 0.03828125 0.04140625
1 0.5484375 0.409375 0.13359375 0.403125
1 0.38984375 0.36015625 0.125 0.26484375