1 0.66484375 0.69765625 0.24375 0.59921875
1 0.253125 0.67109375 0.31015625 0.65078125
1 0.09765625 0.4625 0.19453125 0.43046875
1 0.33046875 0.434375 0.15546875 0.55390625
1 0.74296875 0.4015625 0.14609375 0.41875
1 0.88359375 0.6625 0.23046875 0.6671875
1 0.684375 0.20234375 0.115625 0.3171875
1 0.16015625 0.21484375 0.13671875 0.28203125
1 0.21484375 0.1 0.10703125 0.2
1 0.621875 0.08984375 0.08671875 0.17890625
1 0.425 0.1171875 0.08671875 0.234375
1 0.1828125 0.94375 0.203125 0.109375
1 0.49921875 0.49921875 0.99453125 0.99453125
1 0.0625 0.75390625 0.125 0.4859375
1 0.51328125 0.0375 0.09140625 0.075
1 0.4921875 0.45 0.11171875 0.8125
1 0.56328125 0.509375 0.175 0.690625
1 0.48984375 0.24375 0.10234375 0.39921875
1 0.50703125 0.0828125 0.10546875 0.16484375