1 0.68203125 0.4984375 0.63125 0.9953125
1 0.29453125 0.778125 0.20078125 0.43828125
1 0.103125 0.78984375 0.20625 0.41640625
1 0.375 0.49140625 0.12890625 0.35
1 0.44140625 0.328125 0.31640625 0.65625
1 0.2140625 0.57265625 0.17890625 0.5421875
1 0.8453125 0.7203125 0.30703125 0.55625
1 0.61953125 0.1296875 0.1015625 0.221875
1 0.30234375 0.21953125 0.11640625 0.18671875
1 0.5578125 0.115625 0.11015625 0.2296875
1 0.38671875 0.09609375 0.06484375 0.190625
1 0.27890625 0.271875 0.1640625 0.2921875