1 0.63203125 0.1046875 0.0390625 0.06953125
1 0.7671875 0.159375 0.08203125 0.0640625
1 0.86640625 0.2359375 0.0890625 0.10625
1 0.7828125 0.3625 0.13046875 0.1734375
1 0.46953125 0.33046875 0.253125 0.66015625
1 0.5765625 0.06484375 0.05234375 0.1296875
1 0.33203125 0.1609375 0.0578125 0.03515625
1 0.30703125 0.1921875 0.02890625 0.02734375
1 0.28828125 0.22890625 0.053125 0.071875
1 0.171875 0.2984375 0.146875 0.1140625
1 0.33671875 0.32265625 0.121875 0.12734375
1 0.26796875 0.44296875 0.1640625 0.20390625
1 0.04375 0.5734375 0.0875 0.2859375
1 0.690625 0.940625 0.178125 0.11875
1 0.04375 0.9890625 0.0875 0.02109375
1 0.68046875 0.15078125 0.0390625 0.03125
1 0.76171875 0.26640625 0.0765625 0.0421875