1 0.2546875 0.10859375 0.0796875 0.1515625
1 0.7203125 0.03125 0.05703125 0.0625
1 0.5953125 0.11015625 0.065625 0.13671875
1 0.78203125 0.1125 0.07109375 0.16328125
1 0.6515625 0.2453125 0.08359375 0.19453125
1 0.8359375 0.3125 0.0859375 0.21015625
1 0.79140625 0.7125 0.13203125 0.32109375
1 0.3375 0.4875 0.12890625 0.31640625
1 0.37578125 0.2171875 0.0921875 0.20234375
1 0.16953125 0.2421875 0.0859375 0.18515625
1 0.0421875 0.4140625 0.08125 0.3203125
1 0.23828125 0.9203125 0.20078125 0.15703125
1 0.615625 0.0203125 0.06953125 0.03828125