1 0.3015625 0.6578125 0.31953125 0.6765625
1 0.69921875 0.71875 0.2421875 0.55703125
1 0.8046875 0.39765625 0.1484375 0.35546875
1 0.15546875 0.425 0.203125 0.425
1 0.38828125 0.4078125 0.15 0.53828125
1 0.81953125 0.69296875 0.35859375 0.60078125
1 0.23203125 0.18359375 0.12421875 0.28984375
1 0.7375 0.22734375 0.09375 0.328125
1 0.08828125 0.6265625 0.1765625 0.7375
1 0.69765625 0.09453125 0.09140625 0.18828125
1 0.61875 0.5125 0.18671875 0.675
1 0.284375 0.0828125 0.103125 0.165625
1 0.578125 0.0875 0.1 0.17265625
1 0.49921875 0.49921875 0.99453125 0.9953125
1 0.56484375 0.32734375 0.1640625 0.53828125
1 0.93515625 0.89921875 0.12734375 0.2
1 0.49765625 0.11640625 0.090625 0.2328125