1 0.68515625 0.51484375 0.11484375 0.21484375
1 0.95 0.4921875 0.1 0.215625
1 0.75703125 0.25390625 0.06875 0.14375
1 0.58828125 0.234375 0.07265625 0.14609375
1 0.2625 0.4796875 0.11171875 0.2046875
1 0.075 0.21484375 0.08203125 0.115625
1 0.31640625 0.23359375 0.06953125 0.1484375
1 0.1703125 0.12265625 0.08515625 0.15703125
1 0.51796875 0.09921875 0.05703125 0.12890625
1 0.703125 0.09765625 0.0765625 0.12578125
1 0.184375 0.94140625 0.22265625 0.1171875
1 0.190625 0.01484375 0.078125 0.0296875