1 0.4296875 0.17421875 0.04765625 0.05390625
1 0.47421875 0.19921875 0.05390625 0.08515625
1 0.55625 0.21015625 0.05625 0.10234375
1 0.6546875 0.18359375 0.0359375 0.08125
1 0.675 0.1953125 0.04375 0.13359375
1 0.7359375 0.30078125 0.0546875 0.11796875
1 0.8421875 0.35859375 0.0859375 0.13671875
1 0.60078125 0.30390625 0.10625 0.14296875
1 0.38046875 0.23671875 0.04453125 0.05546875
1 0.36796875 0.28984375 0.05546875 0.084375
1 0.27890625 0.22265625 0.0609375 0.11953125
1 0.25234375 0.27734375 0.05078125 0.0828125
1 0.346875 0.36875 0.07734375 0.13671875
1 0.11484375 0.29140625 0.0921875 0.115625
1 0.20078125 0.4796875 0.21640625 0.31640625
1 0.37734375 0.153125 0.05 0.06953125