1 0.39453125 0.140625 0.03125 0.12109375
1 0.34296875 0.22578125 0.04296875 0.0578125
1 0.3984375 0.25703125 0.04921875 0.03828125
1 0.39140625 0.2875 0.0703125 0.04765625
1 0.39921875 0.39140625 0.0703125 0.13359375
1 0.30390625 0.265625 0.0546875 0.10859375
1 0.26875 0.30625 0.05703125 0.0484375
1 0.15390625 0.3390625 0.10703125 0.07109375
1 0.20546875 0.43828125 0.17109375 0.15625
1 0.35546875 0.821875 0.2109375 0.35625
1 0.03125 0.52890625 0.0625 0.1078125
1 0.6796875 0.253125 0.06875 0.07890625
1 0.66484375 0.240625 0.0546875 0.05234375
1 0.5578125 0.23671875 0.046875 0.0328125
1 0.58515625 0.2984375 0.0734375 0.08515625
1 0.74609375 0.31796875 0.06484375 0.065625
1 0.81015625 0.4328125 0.12578125 0.18515625
1 0.9703125 0.5078125 0.05859375 0.1875
1 0.46796875 0.3140625 0.0734375 0.23671875