1 0.30859375 0.653125 0.31640625 0.68828125
1 0.38515625 0.52890625 0.20546875 0.503125
1 0.478125 0.271875 0.07890625 0.2390625
1 0.65 0.20234375 0.10234375 0.14140625
1 0.13125 0.309375 0.0859375 0.084375
1 0.30234375 0.1859375 0.0875 0.16328125
1 0.028125 0.15703125 0.04921875 0.13046875
1 0.72109375 0.25 0.053125 0.05703125
1 0.69609375 0.30390625 0.10390625 0.16484375
1 0.43046875 0.21328125 0.05859375 0.15234375
1 0.8046875 0.12265625 0.03515625 0.1390625
1 0.80859375 0.4234375 0.18671875 0.2046875
1 0.8609375 0.35234375 0.08203125 0.06171875
1 0.0421875 0.2046875 0.07578125 0.225
1 0.36953125 0.24296875 0.0609375 0.0625
1 0.540625 0.36796875 0.11953125 0.35234375
1 0.3953125 0.37890625 0.1140625 0.33671875