1 0.41796875 0.13125 0.13984375 0.22578125
1 0.53203125 0.13359375 0.0640625 0.196875
1 0.6171875 0.20703125 0.034375 0.10390625
1 0.68515625 0.3109375 0.0671875 0.07578125
1 0.7484375 0.36875 0.053125 0.06328125
1 0.66875 0.46328125 0.06875 0.12890625
1 0.8546875 0.45 0.075 0.1171875
1 0.79140625 0.528125 0.140625 0.1890625
1 0.2875 0.39609375 0.06484375 0.090625
1 0.16796875 0.465625 0.121875 0.1484375
1 0.28203125 0.61328125 0.1546875 0.22578125
1 0.03203125 0.72421875 0.0640625 0.2546875
1 0.97578125 0.55078125 0.0484375 0.1796875