1 0.26328125 0.43828125 0.1265625 0.1484375
1 0.2953125 0.2703125 0.075 0.13203125
1 0.8 0.38203125 0.1671875 0.190625
1 0.59375 0.22578125 0.1296875 0.4515625
1 0.9703125 0.546875 0.059375 0.478125
1 0.74765625 0.196875 0.06484375 0.05234375
1 0.86328125 0.2703125 0.0828125 0.084375
1 0.2984375 0.20234375 0.05 0.04140625
1 0.64921875 0.14453125 0.03203125 0.08046875
1 0.5875 0.96015625 0.253125 0.078125
1 0.03828125 0.53359375 0.07578125 0.28828125
1 0.74296875 0.25 0.11015625 0.16484375
1 0.16796875 0.31015625 0.10859375 0.13984375
1 0.3296875 0.1734375 0.02109375 0.0328125
1 0.315625 0.66015625 0.2375 0.6171875