1 0.18203125 0.09921875 0.08515625 0.128125
1 0.1125 0.22421875 0.0875 0.171875
1 0.33359375 0.22265625 0.08671875 0.1875
1 0.5625 0.0953125 0.0671875 0.14296875
1 0.68203125 0.02109375 0.0515625 0.0421875
1 0.53046875 0.01796875 0.05234375 0.0359375
1 0.75625 0.0953125 0.07265625 0.1109375
1 0.62578125 0.24453125 0.0859375 0.19296875
1 0.80625 0.2796875 0.07109375 0.19375
1 0.7203125 0.540625 0.11953125 0.3359375
1 0.9734375 0.4734375 0.053125 0.246875
1 0.30546875 0.49296875 0.14296875 0.30390625
1 0.0265625 0.4125 0.05234375 0.271875
1 0.1984375 0.9125 0.2421875 0.175