1 0.7703125 0.70390625 0.259375 0.5875
1 0.3765625 0.61953125 0.31953125 0.75546875
1 0.240625 0.32265625 0.171875 0.459375
1 0.12890625 0.571875 0.25703125 0.83828125
1 0.8296875 0.1890625 0.10390625 0.33125
1 0.4671875 0.34375 0.14453125 0.55
1 0.8921875 0.37421875 0.15703125 0.34765625
1 0.2796875 0.87421875 0.20234375 0.2484375
1 0.69609375 0.1515625 0.17265625 0.2609375
1 0.30546875 0.12421875 0.14296875 0.2484375
1 0.57890625 0.0921875 0.0953125 0.184375
1 0.66640625 0.28046875 0.234375 0.52734375
1 0.69375 0.5609375 0.196875 0.86640625
1 0.6671875 0.06015625 0.1140625 0.1203125
1 0.49921875 0.5 0.996875 0.99453125