1 0.34921875 0.853125 0.2484375 0.290625
1 0.45078125 0.40625 0.06484375 0.26484375
1 0.68828125 0.33359375 0.0515625 0.0890625
1 0.221875 0.53828125 0.15234375 0.23125
1 0.584375 0.384375 0.05859375 0.08046875
1 0.565625 0.3453125 0.04921875 0.075
1 0.7390625 0.39921875 0.053125 0.0625
1 0.1421875 0.43359375 0.08125 0.09921875
1 0.39609375 0.375 0.05390625 0.07421875
1 0.659375 0.33125 0.02109375 0.03203125
1 0.3609375 0.45703125 0.07734375 0.13515625
1 0.26640625 0.384375 0.05390625 0.03125
1 0.796875 0.50078125 0.0984375 0.109375
1 0.50859375 0.4140625 0.06015625 0.27109375
1 0.29296875 0.3390625 0.04375 0.04453125
1 0.7171875 0.45078125 0.1359375 0.19765625
1 0.10703125 0.50546875 0.14296875 0.2453125
1 0.4296875 0.2953125 0.025 0.04140625
1 0.28671875 0.41953125 0.08359375 0.1609375
1 0.55703125 0.2984375 0.02421875 0.0453125
1 0.3546875 0.24609375 0.04921875 0.09296875