1 0.40390625 0.6390625 0.1515625 0.4578125
1 0.14765625 0.446875 0.09296875 0.09921875
1 0.37109375 0.2984375 0.13359375 0.22890625
1 0.45390625 0.378125 0.06328125 0.21015625
1 0.9515625 0.73515625 0.09609375 0.52421875
1 0.6734375 0.4140625 0.0703125 0.2328125
1 0.52578125 0.51328125 0.12109375 0.38671875
1 0.32890625 0.865625 0.30234375 0.26484375
1 0.84609375 0.4890625 0.08125 0.06640625
1 0.153125 0.71796875 0.30546875 0.5578125
1 0.23125 0.55234375 0.15078125 0.22421875
1 0.7265625 0.3984375 0.05078125 0.0484375
1 0.92734375 0.4125 0.04296875 0.1625
1 0.671875 0.34296875 0.0515625 0.08828125