1 0.43515625 0.1953125 0.05234375 0.07890625
1 0.47734375 0.22265625 0.04140625 0.0640625
1 0.284375 0.21875 0.08046875 0.075
1 0.38515625 0.25390625 0.04609375 0.0515625
1 0.3546875 0.271875 0.06328125 0.06796875
1 0.23984375 0.278125 0.06640625 0.0734375
1 0.29140625 0.4734375 0.275 0.2484375
1 0.325 0.3640625 0.1109375 0.10234375
1 0.125 0.3125 0.07578125 0.08671875
1 0.6046875 0.2796875 0.053125 0.07109375
1 0.55078125 0.2328125 0.0453125 0.090625
1 0.67421875 0.228125 0.06484375 0.08046875
1 0.71796875 0.2828125 0.05546875 0.059375
1 0.8703125 0.38984375 0.09296875 0.115625