1 0.2703125 0.10390625 0.07890625 0.15234375
1 0.44765625 0.2234375 0.07421875 0.1703125
1 0.165625 0.2765625 0.1046875 0.19140625
1 0.059375 0.39921875 0.11875 0.29453125
1 0.3328125 0.43203125 0.11171875 0.23828125
1 0.78984375 0.55234375 0.1 0.2296875
1 0.89921875 0.29921875 0.09140625 0.175
1 0.67890625 0.2640625 0.0640625 0.16640625
1 0.80390625 0.11875 0.06640625 0.1328125
1 0.64921875 0.1125 0.059375 0.11328125
1 0.771875 0.0328125 0.06796875 0.065625
1 0.64296875 0.02265625 0.05703125 0.0453125