1 0.7890625 0.525 0.421875 0.61953125
1 0.4984375 0.3046875 0.13671875 0.34140625
1 0.53828125 0.10390625 0.08671875 0.19921875
1 0.3671875 0.221875 0.046875 0.09453125
1 0.35703125 0.34609375 0.05625 0.09609375
1 0.35625 0.5359375 0.07734375 0.13125
1 0.20625 0.840625 0.11484375 0.1828125
1 0.18359375 0.54609375 0.196875 0.2078125
1 0.25078125 0.2984375 0.053125 0.121875
1 0.2671875 0.184375 0.06015625 0.08828125
1 0.33046875 0.0953125 0.05234375 0.06171875
1 0.6140625 0.153125 0.03828125 0.05390625
1 0.6078125 0.1046875 0.0515625 0.05234375