1 0.3703125 0.23125 0.0921875 0.19375
1 0.41875 0.60078125 0.13203125 0.478125
1 0.7921875 0.52109375 0.11484375 0.2296875
1 0.16953125 0.38671875 0.08203125 0.0953125
1 0.22265625 0.5 0.15546875 0.21875
1 0.31953125 0.83984375 0.33671875 0.31640625
1 0.71328125 0.409375 0.09921875 0.1625
1 0.7359375 0.3578125 0.05390625 0.059375
1 0.6859375 0.29609375 0.05078125 0.08359375
1 0.79921875 0.46484375 0.09921875 0.11796875
1 0.453125 0.3203125 0.0609375 0.190625
1 0.51015625 0.32734375 0.05546875 0.1546875
1 0.56640625 0.4828125 0.13046875 0.353125
1 0.3140625 0.2921875 0.04453125 0.05703125
1 0.603125 0.34296875 0.05546875 0.071875
1 0.67890625 0.31640625 0.07578125 0.12421875
1 0.578125 0.30078125 0.0484375 0.07109375