1 0.48046875 0.378125 0.2625 0.740625
1 0.32734375 0.3828125 0.08125 0.121875
1 0.16484375 0.34765625 0.11875 0.12109375
1 0.28828125 0.28828125 0.0703125 0.08828125
1 0.23359375 0.47265625 0.1484375 0.21015625
1 0.0375 0.54921875 0.07421875 0.16953125
1 0.34140625 0.2234375 0.05234375 0.0734375
1 0.75859375 0.228125 0.07890625 0.07890625
1 0.653125 0.1578125 0.065625 0.06328125
1 0.68046875 0.2109375 0.034375 0.0515625
1 0.64609375 0.28984375 0.0703125 0.1484375
1 0.7484375 0.38828125 0.11171875 0.15859375
1 0.87265625 0.31015625 0.12421875 0.190625
1 0.97734375 0.47734375 0.0453125 0.3890625
1 0.7765625 0.5859375 0.0015625 0.02734375