1 0.3234375 0.6671875 0.3296875 0.6609375
1 0.47734375 0.32734375 0.0765625 0.303125
1 0.38359375 0.53046875 0.17578125 0.44140625
1 0.1328125 0.3296875 0.09453125 0.10234375
1 0.66640625 0.21328125 0.05859375 0.08671875
1 0.84921875 0.3625 0.0875 0.0828125
1 0.5625 0.40703125 0.11171875 0.35234375
1 0.42890625 0.2328125 0.0625 0.14375
1 0.7265625 0.2765625 0.05234375 0.05546875
1 0.278125 0.225 0.04296875 0.0484375
1 0.590625 0.26484375 0.05390625 0.06875
1 0.3953125 0.38203125 0.1140625 0.303125
1 0.8953125 0.18359375 0.04140625 0.08515625
1 0.86875 0.39609375 0.12578125 0.15234375
1 0.51953125 0.3375 0.075 0.2875
1 0.30625 0.2078125 0.07578125 0.16640625
1 0.85625 0.22265625 0.034375 0.13515625
1 0.53125 0.23515625 0.05078125 0.0828125
1 0.73125 0.2421875 0.03203125 0.0359375
1 0.36953125 0.26640625 0.0609375 0.065625