1 0.721875 0.6921875 0.2484375 0.61015625
1 0.33203125 0.65390625 0.26953125 0.68671875
1 0.365625 0.390625 0.18515625 0.5296875
1 0.8203125 0.409375 0.15859375 0.44453125
1 0.16328125 0.428125 0.19296875 0.50703125
1 0.91171875 0.66796875 0.17421875 0.6578125
1 0.09921875 0.628125 0.1984375 0.7390625
1 0.2296875 0.16953125 0.14140625 0.3078125
1 0.7515625 0.18515625 0.11171875 0.340625
1 0.63203125 0.56640625 0.18203125 0.85859375
1 0.1484375 0.07734375 0.05703125 0.1546875
1 0.57890625 0.08984375 0.1046875 0.1796875
1 0.6796875 0.07109375 0.06640625 0.14140625
1 0.559375 0.31640625 0.15703125 0.54609375
1 0.7453125 0.0171875 0.078125 0.034375
1 0.49921875 0.49921875 0.99453125 0.99453125
1 0.715625 0.071875 0.13671875 0.14375