1 0.25625 0.04921875 0.078125 0.09765625
1 0.16796875 0.21015625 0.08828125 0.1984375
1 0.3859375 0.19609375 0.1046875 0.17109375
1 0.34375 0.41640625 0.128125 0.34921875
1 0.0546875 0.3453125 0.109375 0.321875
1 0.2484375 0.88046875 0.20859375 0.2390625
1 0.77421875 0.5609375 0.10078125 0.20625
1 0.928125 0.54921875 0.10625 0.21953125
1 0.89375 0.2828125 0.07109375 0.17421875
1 0.66796875 0.23828125 0.0734375 0.12734375
1 0.6625 0.1 0.06640625 0.0984375
1 0.7921875 0.10078125 0.08671875 0.13125
1 0.7578125 0.02734375 0.0625 0.0546875