1 0.31171875 0.66875 0.36484375 0.659375
1 0.39140625 0.521875 0.16328125 0.4375
1 0.47890625 0.3203125 0.07578125 0.2953125
1 0.8390625 0.34921875 0.08671875 0.09375
1 0.1875 0.29296875 0.12109375 0.15625
1 0.6359375 0.28828125 0.05390625 0.115625
1 0.32265625 0.1921875 0.03671875 0.14609375
1 0.72265625 0.26875 0.05390625 0.0578125
1 0.67265625 0.2046875 0.04921875 0.0828125
1 0.4171875 0.23828125 0.07265625 0.1234375
1 0.58203125 0.45390625 0.1625 0.446875
1 0.52734375 0.32734375 0.08359375 0.2875
1 0.275 0.2203125 0.04765625 0.04609375
1 0.34921875 0.26171875 0.05625 0.05625
1 0.43515625 0.31015625 0.10859375 0.2671875
1 0.54453125 0.21953125 0.04921875 0.07109375
1 0.8890625 0.428125 0.18828125 0.25078125
1 0.80078125 0.4234375 0.165625 0.24296875
1 0.77578125 0.271875 0.02734375 0.07109375