1 0.8484375 0.371875 0.07734375 0.11796875
1 0.71953125 0.27265625 0.04140625 0.04765625
1 0.58828125 0.271875 0.05390625 0.0828125
1 0.2484375 0.48046875 0.1171875 0.15546875
1 0.1296875 0.31796875 0.06328125 0.1015625
1 0.3421875 0.359375 0.0671875 0.0984375
1 0.246875 0.26171875 0.078125 0.09921875
1 0.3625 0.275 0.08203125 0.08046875
1 0.27265625 0.22421875 0.05234375 0.0484375
1 0.671875 0.21953125 0.0578125 0.084375
1 0.5328125 0.22109375 0.04921875 0.0921875
1 0.58046875 0.1203125 0.04453125 0.0734375
1 0.46953125 0.2125 0.04140625 0.0609375
1 0.41796875 0.18125 0.03671875 0.06796875
1 0.37421875 0.128125 0.03828125 0.06796875
1 0.2875 0.14609375 0.04375 0.0703125