1 0.415625 0.19765625 0.03359375 0.0640625
1 0.49296875 0.228125 0.05 0.09453125
1 0.5640625 0.2375 0.06015625 0.06796875
1 0.65078125 0.221875 0.02890625 0.03671875
1 0.6828125 0.22578125 0.04453125 0.096875
1 0.59765625 0.28984375 0.05625 0.08046875
1 0.73671875 0.29921875 0.05859375 0.0734375
1 0.8609375 0.378125 0.10546875 0.1
1 0.1921875 0.459375 0.134375 0.15234375
1 0.11875 0.3390625 0.0859375 0.096875
1 0.35234375 0.35390625 0.065625 0.09609375
1 0.246875 0.2875 0.0484375 0.0390625
1 0.3828125 0.278125 0.071875 0.06328125
1 0.28671875 0.24765625 0.05234375 0.05390625
1 0.340625 0.1875 0.046875 0.06796875