1 0.4140625 0.15859375 0.04921875 0.10390625
1 0.35234375 0.2953125 0.05390625 0.06328125
1 0.33359375 0.34609375 0.059375 0.090625
1 0.40625 0.35234375 0.04375 0.0484375
1 0.4 0.4015625 0.0390625 0.07890625
1 0.378125 0.475 0.0796875 0.1390625
1 0.29921875 0.53515625 0.1390625 0.25625
1 0.27421875 0.396875 0.0390625 0.05546875
1 0.16875 0.4421875 0.10390625 0.15234375
1 0.0328125 0.6234375 0.065625 0.234375
1 0.27578125 0.87421875 0.26328125 0.25078125
1 0.6078125 0.4265625 0.065625 0.11328125
1 0.5671875 0.3578125 0.05234375 0.075
1 0.67734375 0.35 0.0828125 0.084375
1 0.7375 0.40703125 0.06171875 0.09609375
1 0.80234375 0.51484375 0.09296875 0.10078125
1 0.98203125 0.684375 0.0359375 0.25