1 0.7265625 0.690625 0.24921875 0.6140625
1 0.334375 0.653125 0.26953125 0.68828125
1 0.36796875 0.3921875 0.18515625 0.52421875
1 0.81875 0.4046875 0.1578125 0.4390625
1 0.16796875 0.425 0.18828125 0.50625
1 0.23046875 0.17109375 0.1421875 0.3078125
1 0.7546875 0.18515625 0.11171875 0.340625
1 0.9140625 0.671875 0.1703125 0.65078125
1 0.1 0.62421875 0.2 0.7453125
1 0.634375 0.565625 0.18203125 0.859375
1 0.56953125 0.42890625 0.14296875 0.76953125
1 0.5828125 0.09765625 0.11015625 0.19453125
1 0.578125 0.22890625 0.12421875 0.36796875
1 0.7046875 0.0703125 0.096875 0.140625
1 0.49921875 0.49921875 0.99453125 0.99453125