1 0.2515625 0.11640625 0.05703125 0.103125
1 0.14921875 0.2875 0.08671875 0.1609375
1 0.34140625 0.47265625 0.09140625 0.21015625
1 0.28203125 0.9046875 0.2046875 0.190625
1 0.05546875 0.4421875 0.1109375 0.3
1 0.79375 0.565625 0.071875 0.2015625
1 0.90625 0.3109375 0.09453125 0.18046875
1 0.82109375 0.1171875 0.05546875 0.12734375
1 0.66875 0.275 0.059375 0.18203125
1 0.6484375 0.12265625 0.06015625 0.134375
1 0.759375 0.04140625 0.075 0.0828125
1 0.62421875 0.02265625 0.04296875 0.04453125
1 0.38046875 0.23828125 0.07109375 0.1453125
1 0.303125 0.0265625 0.06484375 0.053125