1 0.715625 0.69765625 0.24453125 0.59921875
1 0.31953125 0.65 0.32265625 0.69375
1 0.82578125 0.41796875 0.17421875 0.440625
1 0.16875 0.40234375 0.20390625 0.44375
1 0.0984375 0.63125 0.19609375 0.73125
1 0.91328125 0.665625 0.171875 0.621875
1 0.25 0.175 0.10234375 0.315625
1 0.7671875 0.2 0.13828125 0.3171875
1 0.23828125 0.9109375 0.21484375 0.1734375
1 0.39765625 0.425 0.15234375 0.58671875
1 0.70234375 0.08359375 0.0953125 0.1671875
1 0.5703125 0.42265625 0.15390625 0.8109375
1 0.575 0.06875 0.08046875 0.1375
1 0.50234375 0.10859375 0.09296875 0.2171875
1 0.58203125 0.21171875 0.12578125 0.38671875
1 0.29609375 0.07734375 0.096875 0.1546875
1 0.49921875 0.49921875 0.99453125 0.9953125
1 0.6265625 0.5703125 0.18359375 0.8484375