1 0.71484375 0.71015625 0.24609375 0.5734375
1 0.9140625 0.70703125 0.16953125 0.58125
1 0.31484375 0.66015625 0.3015625 0.6734375
1 0.1703125 0.4265625 0.1921875 0.459375
1 0.809375 0.44609375 0.1359375 0.4265625
1 0.39140625 0.41953125 0.1515625 0.54296875
1 0.09609375 0.68515625 0.1921875 0.62421875
1 0.7515625 0.23125 0.1078125 0.31328125
1 0.25546875 0.20390625 0.09140625 0.28984375
1 0.7046875 0.09453125 0.09921875 0.18828125
1 0.21015625 0.9296875 0.19921875 0.13671875
1 0.29765625 0.08984375 0.1 0.17890625
1 0.503125 0.23984375 0.08984375 0.4796875
1 0.584375 0.1 0.109375 0.19921875
1 0.5640625 0.45703125 0.15234375 0.796875
1 0.63046875 0.5875 0.18828125 0.8140625
1 0.5765625 0.25703125 0.12578125 0.396875
1 0.6453125 0.04375 0.03125 0.0875
1 0.49921875 0.49921875 0.99453125 0.9953125