1 0.225 0.44453125 0.11796875 0.28984375
1 0.68984375 0.4796875 0.11484375 0.24921875
1 0.96171875 0.52890625 0.07578125 0.471875
1 0.92265625 0.4046875 0.07734375 0.25390625
1 0.7453125 0.21484375 0.09296875 0.1609375
1 0.56953125 0.21171875 0.1 0.20546875
1 0.1796875 0.915625 0.2578125 0.16875
1 0.04296875 0.25859375 0.0796875 0.2296875
1 0.134375 0.08046875 0.1109375 0.13828125
1 0.29296875 0.18671875 0.0984375 0.21796875
1 0.509375 0.06171875 0.07109375 0.11171875
1 0.6796875 0.06640625 0.0703125 0.13203125