1 0.190625 0.0859375 0.10234375 0.1484375
1 0.35859375 0.21015625 0.0859375 0.22421875
1 0.54765625 0.15078125 0.07265625 0.1359375
1 0.58671875 0.02734375 0.05546875 0.05390625
1 0.7203125 0.02265625 0.0703125 0.04453125
1 0.7734375 0.0921875 0.08671875 0.1328125
1 0.66015625 0.2390625 0.10859375 0.20703125
1 0.8359375 0.28515625 0.084375 0.20234375
1 0.7265625 0.55 0.153125 0.2578125
1 0.96640625 0.50234375 0.06640625 0.28359375
1 0.203125 0.89453125 0.25234375 0.2109375
1 0.3078125 0.49375 0.16015625 0.31796875
1 0.10390625 0.25390625 0.1125 0.19453125
1 0.01953125 0.43359375 0.0390625 0.25625