1 0.4765625 0.2125 0.0453125 0.0578125
1 0.43515625 0.19140625 0.0390625 0.07890625
1 0.37734375 0.1421875 0.03125 0.03671875
1 0.37890625 0.228125 0.0484375 0.04453125
1 0.36875 0.27265625 0.059375 0.05390625
1 0.29765625 0.21875 0.0453125 0.05625
1 0.3125 0.15859375 0.0484375 0.0671875
1 0.2546875 0.28828125 0.0515625 0.0671875
1 0.353125 0.36796875 0.09609375 0.096875
1 0.1421875 0.3359375 0.09453125 0.11796875
1 0.1890625 0.4421875 0.11484375 0.175
1 0.55234375 0.2078125 0.03125 0.03125
1 0.57890625 0.2265625 0.04375 0.0515625
1 0.64375 0.20390625 0.0328125 0.04765625
1 0.66953125 0.2140625 0.0515625 0.07109375
1 0.5953125 0.28203125 0.0703125 0.05625
1 0.7421875 0.2828125 0.0671875 0.0640625
1 0.85078125 0.36015625 0.06015625 0.071875
1 0.01171875 0.49921875 0.0234375 0.1703125