1 0.371875 0.8578125 0.24609375 0.28125
1 0.37890625 0.30625 0.11640625 0.1875
1 0.78671875 0.57109375 0.1140625 0.22734375
1 0.7953125 0.34453125 0.03203125 0.14375
1 0.4046875 0.59140625 0.13515625 0.37421875
1 0.5078125 0.3734375 0.05390625 0.16484375
1 0.23359375 0.55625 0.14921875 0.22890625
1 0.1671875 0.44140625 0.0828125 0.0984375
1 0.6921875 0.35 0.05 0.0796875
1 0.159375 0.71953125 0.30703125 0.55625
1 0.7375 0.41015625 0.053125 0.05703125
1 0.7953125 0.51328125 0.09765625 0.1109375
1 0.2984375 0.35 0.04375 0.0484375
1 0.553125 0.53203125 0.11640625 0.34765625
1 0.45078125 0.3734375 0.0671875 0.17890625
1 0.7109375 0.46015625 0.10546875 0.159375