1 0.68671875 0.23828125 0.209375 0.4765625
1 0.9390625 0.87578125 0.121875 0.2484375
1 0.84296875 0.52265625 0.071875 0.27578125
1 0.3078125 0.73125 0.1 0.22578125
1 0.4140625 0.5046875 0.12578125 0.2640625
1 0.19140625 0.4953125 0.11640625 0.2546875
1 0.04609375 0.71015625 0.0921875 0.24921875
1 0.40390625 0.21328125 0.0625 0.1484375
1 0.303125 0.2265625 0.0859375 0.140625
1 0.44765625 0.1390625 0.06015625 0.1625
1 0.3375 0.11328125 0.0671875 0.115625
1 0.3625 0.0390625 0.05 0.078125
1 0.44296875 0.0546875 0.08359375 0.09296875