1 0.3609375 0.02265625 0.0546875 0.04453125
1 0.2984375 0.10625 0.09765625 0.1234375
1 0.2046875 0.2671875 0.0734375 0.16171875
1 0.440625 0.21640625 0.08125 0.1703125
1 0.08125 0.415625 0.14921875 0.265625
1 0.409375 0.4484375 0.1078125 0.28046875
1 0.30703125 0.90546875 0.23125 0.18828125
1 0.8234375 0.5484375 0.128125 0.2546875
1 0.93984375 0.31171875 0.078125 0.14921875
1 0.709375 0.27734375 0.06640625 0.13046875
1 0.8546875 0.1359375 0.06640625 0.14140625
1 0.6546875 0.1421875 0.06171875 0.09140625
1 0.6828125 0.0234375 0.04453125 0.046875
1 0.80078125 0.03828125 0.0703125 0.07578125
1 0.596875 0.02734375 0.053125 0.0546875