1 0.38203125 0.50078125 0.0921875 0.25390625
1 0.41796875 0.3609375 0.06640625 0.1078125
1 0.13828125 0.303125 0.0734375 0.09453125
1 0.8625 0.353125 0.0703125 0.08046875
1 0.72890625 0.25703125 0.0484375 0.0453125
1 0.5734375 0.23984375 0.05546875 0.08046875
1 0.68671875 0.19765625 0.04375 0.08515625
1 0.65078125 0.1796875 0.03046875 0.0328125
1 0.5515625 0.196875 0.03515625 0.04921875
1 0.471875 0.20546875 0.03125 0.06328125
1 0.415625 0.15859375 0.02734375 0.0578125
1 0.33203125 0.146875 0.04453125 0.0703125
1 0.37265625 0.23984375 0.05546875 0.0578125
1 0.27890625 0.2 0.05703125 0.05859375
1 0.2453125 0.24375 0.0390625 0.04296875
1 0.39375 0.2125 0.04453125 0.0390625
1 0.3609375 0.096875 0.0234375 0.03203125