1 0.71796875 0.69609375 0.26015625 0.603125
1 0.3125 0.659375 0.29765625 0.67578125
1 0.15546875 0.4125 0.19375 0.45859375
1 0.80859375 0.4125 0.13984375 0.43046875
1 0.2234375 0.184375 0.134375 0.30234375
1 0.74296875 0.1921875 0.1046875 0.3234375
1 0.3875 0.39453125 0.19609375 0.56953125
1 0.9125 0.66484375 0.17265625 0.578125
1 0.628125 0.56796875 0.17890625 0.853125
1 0.078125 0.10234375 0.12734375 0.2046875
1 0.0578125 0.7875 0.115625 0.415625
1 0.69375 0.07890625 0.09765625 0.15703125
1 0.5484375 0.45859375 0.134375 0.86015625
1 0.5578125 0.12265625 0.115625 0.2453125
1 0.559375 0.21953125 0.10390625 0.38046875
1 0.5 0.49921875 0.99296875 0.9953125
1 0.56875 0.025 0.08828125 0.05