1 0.37109375 0.17890625 0.04375 0.06796875
1 0.45 0.27421875 0.05546875 0.10234375
1 0.565625 0.3078125 0.06328125 0.06171875
1 0.6484375 0.284375 0.04765625 0.04609375
1 0.6875 0.29921875 0.05 0.07578125
1 0.58359375 0.34765625 0.10859375 0.08046875
1 0.734375 0.3640625 0.0703125 0.06015625
1 0.85234375 0.45234375 0.06171875 0.09296875
1 0.97734375 0.59765625 0.04453125 0.32578125
1 0.27421875 0.8890625 0.2484375 0.22109375
1 0.23984375 0.50703125 0.11875 0.24453125
1 0.03359375 0.54921875 0.0671875 0.1375
1 0.1484375 0.38203125 0.0671875 0.115625
1 0.40078125 0.4203125 0.1015625 0.12890625
1 0.396875 0.34921875 0.0609375 0.0734375
1 0.41015625 0.31015625 0.040625 0.06171875
1 0.29453125 0.2984375 0.06875 0.06953125
1 0.2640625 0.35625 0.059375 0.071875
1 0.31484375 0.2453125 0.03515625 0.07890625