1 0.196875 0.084375 0.08125 0.1453125
1 0.11484375 0.24453125 0.103125 0.21640625
1 0.034375 0.39453125 0.06875 0.328125
1 0.26015625 0.40546875 0.121875 0.3390625
1 0.3390625 0.21953125 0.0984375 0.20234375
1 0.57265625 0.09453125 0.09296875 0.13046875
1 0.64765625 0.21640625 0.07421875 0.2375
1 0.82890625 0.27265625 0.07578125 0.20234375
1 0.74296875 0.1078125 0.07578125 0.15703125
1 0.73203125 0.01171875 0.0578125 0.0234375
1 0.565625 0.01484375 0.078125 0.0296875
1 0.21328125 0.90234375 0.2578125 0.1953125
1 0.7625 0.53984375 0.1171875 0.26640625
1 0.96796875 0.47265625 0.06328125 0.29765625