1 0.33671875 0.6703125 0.31953125 0.653125
1 0.38671875 0.5421875 0.18515625 0.46171875
1 0.32734375 0.2203125 0.0484375 0.1578125
1 0.13125 0.3390625 0.08515625 0.08828125
1 0.83984375 0.37890625 0.08203125 0.0609375
1 0.13984375 0.378125 0.1015625 0.165625
1 0.53828125 0.3984375 0.1328125 0.346875
1 0.71640625 0.27734375 0.05390625 0.0671875
1 0.27734375 0.23515625 0.04453125 0.04296875
1 0.48515625 0.2484375 0.0671875 0.14453125
1 0.696875 0.4 0.09453125 0.31328125
1 0.390625 0.16953125 0.03359375 0.1109375
1 0.6640625 0.21796875 0.05546875 0.08515625
1 0.57421875 0.26640625 0.05625 0.0828125
1 0.7984375 0.453125 0.16640625 0.209375
1 0.47421875 0.29765625 0.08984375 0.24296875