1 0.32265625 0.66875 0.33828125 0.65625
1 0.33359375 0.2171875 0.05390625 0.175
1 0.134375 0.34453125 0.08515625 0.08671875
1 0.38359375 0.55703125 0.19765625 0.4875
1 0.665625 0.2234375 0.05234375 0.0875
1 0.53671875 0.40546875 0.13515625 0.35078125
1 0.715625 0.28203125 0.05390625 0.07109375
1 0.28046875 0.240625 0.04453125 0.0453125
1 0.4265625 0.30078125 0.07421875 0.240625
1 0.69375 0.33515625 0.0984375 0.178125
1 0.42578125 0.2421875 0.071875 0.12421875
1 0.4 0.403125 0.10859375 0.30625
1 0.83984375 0.38515625 0.08046875 0.0609375
1 0.7984375 0.459375 0.1640625 0.21171875
1 0.37578125 0.28046875 0.059375 0.05859375
1 0.565625 0.175 0.0578125 0.10078125
1 0.24453125 0.2859375 0.04296875 0.02734375
1 0.384375 0.1671875 0.0203125 0.09765625
1 0.484375 0.28359375 0.06796875 0.20703125