1 0.10234375 0.25390625 0.125 0.20625
1 0.2859375 0.46015625 0.11484375 0.33828125
1 0.2171875 0.91171875 0.26171875 0.17578125
1 0.74375 0.48671875 0.0984375 0.24921875
1 0.9765625 0.4515625 0.046875 0.29140625
1 0.8125 0.2359375 0.0765625 0.1953125
1 0.63125 0.22109375 0.08046875 0.21328125
1 0.74296875 0.075 0.06328125 0.134375
1 0.58125 0.0734375 0.0640625 0.14609375
1 0.0296875 0.39921875 0.05859375 0.35390625
1 0.203125 0.08515625 0.09453125 0.1703125
1 0.35703125 0.20390625 0.08515625 0.24140625