1 0.20625 0.10390625 0.07734375 0.128125
1 0.1375 0.23359375 0.08203125 0.19375
1 0.365625 0.19609375 0.07734375 0.1921875
1 0.034375 0.4140625 0.06875 0.28359375
1 0.21015625 0.915625 0.209375 0.16796875
1 0.3484375 0.49375 0.14765625 0.33828125
1 0.5890625 0.09921875 0.071875 0.15
1 0.70859375 0.025 0.065625 0.05
1 0.5625 0.015625 0.0546875 0.02890625
1 0.7625 0.10078125 0.084375 0.1078125
1 0.6375 0.24765625 0.08203125 0.18671875
1 0.82578125 0.278125 0.09921875 0.209375
1 0.715625 0.50625 0.1109375 0.2671875
1 0.97734375 0.47890625 0.0453125 0.2765625