1 0.321875 0.6578125 0.29453125 0.678125
1 0.4796875 0.2640625 0.07578125 0.24375
1 0.14140625 0.3078125 0.08515625 0.0953125
1 0.65 0.19921875 0.10078125 0.14140625
1 0.7796875 0.41796875 0.13046875 0.21015625
1 0.32734375 0.178125 0.05078125 0.17109375
1 0.54453125 0.365625 0.12734375 0.34765625
1 0.39140625 0.4953125 0.19453125 0.45234375
1 0.7234375 0.24921875 0.05390625 0.05703125
1 0.84296875 0.26953125 0.07109375 0.1875
1 0.696875 0.30234375 0.10546875 0.16328125
1 0.27578125 0.2 0.05078125 0.0453125
1 0.8046875 0.346875 0.08046875 0.06640625
1 0.42890625 0.2125 0.06171875 0.14453125
1 0.9171875 0.1015625 0.0359375 0.16484375
1 0.58125 0.2328125 0.053125 0.08125
1 0.4 0.35546875 0.10546875 0.29296875
1 0.38828125 0.1265625 0.03046875 0.10234375
1 0.37734375 0.2390625 0.06015625 0.06171875