1 0.471875 0.32265625 0.2109375 0.62734375
1 0.58828125 0.090625 0.08046875 0.18125
1 0.63984375 0.13046875 0.034375 0.06171875
1 0.6890625 0.18125 0.03046875 0.05
1 0.75859375 0.19375 0.07421875 0.07734375
1 0.6515625 0.290625 0.07109375 0.10859375
1 0.85 0.284375 0.103125 0.09609375
1 0.753125 0.40546875 0.2015625 0.22578125
1 0.28046875 0.259375 0.05234375 0.0984375
1 0.33515625 0.19765625 0.03671875 0.06953125
1 0.17578125 0.340625 0.09453125 0.14296875
1 0.26875 0.45390625 0.15859375 0.19296875
1 0.028125 0.52265625 0.05625 0.17578125