1 0.4296875 0.365625 0.3125 0.73125
1 0.27265625 0.19453125 0.0625 0.0890625
1 0.16484375 0.25390625 0.08671875 0.1171875
1 0.23828125 0.4125 0.15625 0.246875
1 0.040625 0.48828125 0.08125 0.2203125
1 0.7375 0.321875 0.1140625 0.1390625
1 0.86484375 0.1953125 0.08671875 0.06796875
1 0.7671875 0.1421875 0.046875 0.0671875
1 0.65 0.234375 0.0578125 0.090625
1 0.64765625 0.07109375 0.0484375 0.1
1 0.68671875 0.11484375 0.0375 0.0515625
1 0.56640625 0.1 0.10546875 0.19921875
1 0.56875 0.9375 0.346875 0.125
1 0.07109375 0.95546875 0.1421875 0.0890625