1 0.471875 0.13984375 0.1453125 0.24296875
1 0.54140625 0.10859375 0.04609375 0.1140625
1 0.5984375 0.1359375 0.05703125 0.1296875
1 0.7453125 0.3234375 0.0609375 0.090625
1 0.684375 0.27734375 0.06171875 0.096875
1 0.66015625 0.43515625 0.06875 0.1140625
1 0.8671875 0.39140625 0.09609375 0.11796875
1 0.79453125 0.50703125 0.15 0.17578125
1 0.96171875 0.52421875 0.07578125 0.12109375
1 0.31640625 0.32734375 0.071875 0.0828125
1 0.28984375 0.36875 0.06171875 0.06796875
1 0.1625 0.4203125 0.09296875 0.13125
1 0.26953125 0.540625 0.1734375 0.1578125
1 0.06640625 0.68046875 0.1328125 0.3265625