1 0.35390625 0.1046875 0.07734375 0.07890625
1 0.2984375 0.21875 0.05390625 0.0515625
1 0.39375 0.228125 0.03203125 0.04296875
1 0.38515625 0.26640625 0.06015625 0.08125
1 0.35 0.36328125 0.06640625 0.1171875
1 0.25234375 0.24765625 0.0390625 0.03828125
1 0.17109375 0.33125 0.09140625 0.140625
1 0.21171875 0.4421875 0.15078125 0.19921875
1 0.29453125 0.8890625 0.3 0.22109375
1 0.4515625 0.1890625 0.0609375 0.07109375
1 0.5015625 0.19765625 0.0375 0.0671875
1 0.5703125 0.20546875 0.04921875 0.04296875
1 0.58359375 0.215625 0.02890625 0.0390625
1 0.58203125 0.26640625 0.06328125 0.096875
1 0.65625 0.196875 0.0234375 0.0265625
1 0.68125 0.2015625 0.0390625 0.10078125
1 0.73125 0.2703125 0.03984375 0.04453125
1 0.81015625 0.36015625 0.0890625 0.1078125
1 0.978125 0.5 0.04296875 0.14453125
1 0.03515625 0.48359375 0.06953125 0.18046875