1 0.29375 0.66328125 0.3859375 0.6671875
1 0.38984375 0.5234375 0.16484375 0.440625
1 0.85 0.35859375 0.08828125 0.08359375
1 0.665625 0.21015625 0.05546875 0.08359375
1 0.13671875 0.321875 0.08359375 0.09296875
1 0.4234375 0.234375 0.065625 0.146875
1 0.7265625 0.27421875 0.05234375 0.05625
1 0.325 0.21015625 0.03984375 0.15625
1 0.4765625 0.3234375 0.08203125 0.28828125
1 0.59375 0.2640625 0.0546875 0.06640625
1 0.7890625 0.3171875 0.04765625 0.11953125
1 0.36953125 0.2640625 0.06171875 0.0640625
1 0.296875 0.2421875 0.06171875 0.0984375
1 0.5234375 0.3296875 0.08203125 0.2828125
1 0.54140625 0.22734375 0.04609375 0.07734375
1 0.5609375 0.40703125 0.1203125 0.35234375
1 0.28828125 0.2203125 0.04375 0.05546875
1 0.3953125 0.384375 0.1140625 0.3078125
1 0.909375 0.2328125 0.0375 0.075
1 0.4375 0.3015625 0.09453125 0.2796875