1 0.2546875 0.4828125 0.115625 0.19296875
1 0.14296875 0.3171875 0.08046875 0.0765625
1 0.3453125 0.36328125 0.0734375 0.06484375
1 0.8359375 0.3625 0.07109375 0.0671875
1 0.728125 0.26875 0.03671875 0.05390625
1 0.57109375 0.24453125 0.0375 0.07421875
1 0.54609375 0.20859375 0.04375 0.065625
1 0.671875 0.20390625 0.03984375 0.084375
1 0.4671875 0.2 0.03046875 0.0625
1 0.42890625 0.17734375 0.0171875 0.071875
1 0.578125 0.10703125 0.03203125 0.04296875
1 0.3828125 0.11640625 0.0359375 0.071875
1 0.3703125 0.25703125 0.0578125 0.0578125
1 0.2921875 0.225 0.05234375 0.071875
1 0.2375 0.26796875 0.05546875 0.04453125
1 0.2953125 0.13828125 0.03515625 0.075