1 0.39453125 0.54375 0.178125 0.47578125
1 0.2453125 0.6671875 0.4890625 0.66015625
1 0.3390625 0.2234375 0.0609375 0.16484375
1 0.81875 0.3828125 0.07890625 0.065625
1 0.78671875 0.4546875 0.14296875 0.209375
1 0.88125 0.33515625 0.06953125 0.146875
1 0.7125 0.28203125 0.0546875 0.071875
1 0.66875 0.2234375 0.04921875 0.08671875
1 0.53671875 0.40703125 0.13671875 0.346875
1 0.434375 0.23671875 0.05546875 0.14609375
1 0.27734375 0.23984375 0.046875 0.04609375
1 0.13359375 0.34296875 0.08046875 0.08203125
1 0.69140625 0.334375 0.096875 0.17578125
1 0.390625 0.1796875 0.03515625 0.1203125
1 0.48125 0.28203125 0.07578125 0.2171875