1 0.34921875 0.12265625 0.0609375 0.10390625
1 0.3125 0.21484375 0.0625 0.071875
1 0.40390625 0.25703125 0.03515625 0.05390625
1 0.37578125 0.30078125 0.0359375 0.03125
1 0.34453125 0.36171875 0.0953125 0.14296875
1 0.2296875 0.265625 0.06171875 0.06953125
1 0.1765625 0.32734375 0.11171875 0.11171875
1 0.13984375 0.46328125 0.2328125 0.23671875
1 0.2171875 0.8328125 0.2296875 0.334375
1 0.50703125 0.221875 0.05703125 0.07890625
1 0.4546875 0.1828125 0.0609375 0.07578125
1 0.55859375 0.22890625 0.0640625 0.0671875
1 0.575 0.23046875 0.0390625 0.05625
1 0.58046875 0.2875 0.08671875 0.07578125
1 0.653125 0.2109375 0.03828125 0.0515625
1 0.68671875 0.22421875 0.05390625 0.090625
1 0.7328125 0.2859375 0.05078125 0.065625
1 0.84375 0.384375 0.0859375 0.11328125
1 0.9828125 0.52734375 0.03359375 0.1546875