1 0.2890625 0.23671875 0.0546875 0.0421875
1 0.30234375 0.19609375 0.059375 0.090625
1 0.37890625 0.24140625 0.0390625 0.06015625
1 0.36875 0.2859375 0.0453125 0.05390625
1 0.234375 0.275 0.04296875 0.0515625
1 0.30546875 0.36953125 0.07578125 0.09609375
1 0.1328125 0.33828125 0.08359375 0.08046875
1 0.16484375 0.43359375 0.14375 0.1875
1 0.4859375 0.2046875 0.04140625 0.065625
1 0.4296875 0.1953125 0.0640625 0.06796875
1 0.546875 0.23203125 0.0484375 0.059375
1 0.646875 0.21171875 0.03125 0.04765625
1 0.671875 0.2125 0.0421875 0.1078125
1 0.5890625 0.27109375 0.04609375 0.06171875
1 0.72421875 0.27890625 0.0421875 0.06953125
1 0.8609375 0.3703125 0.0625 0.096875