1 0.37890625 0.21953125 0.06015625 0.10234375
1 0.29765625 0.32734375 0.04609375 0.05625
1 0.40625 0.3390625 0.040625 0.05390625
1 0.384375 0.37734375 0.0515625 0.06953125
1 0.2703125 0.3828125 0.07578125 0.0640625
1 0.375 0.4421875 0.1234375 0.11796875
1 0.1671875 0.4171875 0.08125 0.1046875
1 0.21875 0.52421875 0.125 0.215625
1 0.02578125 0.54765625 0.0515625 0.16796875
1 0.384375 0.8828125 0.215625 0.234375
1 0.8015625 0.4921875 0.0703125 0.08671875
1 0.753125 0.409375 0.06015625 0.08828125
1 0.96640625 0.60234375 0.0671875 0.1890625
1 0.69296875 0.33984375 0.08125 0.1
1 0.58515625 0.40390625 0.0640625 0.08046875
1 0.58203125 0.328125 0.05625 0.06796875
1 0.51328125 0.31328125 0.05 0.10859375
1 0.45390625 0.30078125 0.028125 0.10234375