1 0.32578125 0.66328125 0.32578125 0.6671875
1 0.85 0.35390625 0.08828125 0.084375
1 0.47890625 0.32109375 0.08125 0.30390625
1 0.3875 0.5203125 0.16796875 0.4421875
1 0.134375 0.321875 0.08671875 0.09921875
1 0.59140625 0.25859375 0.05390625 0.06875
1 0.66640625 0.20625 0.05703125 0.08359375
1 0.4296875 0.22890625 0.06015625 0.14375
1 0.3953125 0.37578125 0.1140625 0.2984375
1 0.7265625 0.271875 0.05234375 0.053125
1 0.2796875 0.21875 0.04296875 0.05
1 0.6984375 0.32421875 0.1078125 0.16015625
1 0.36953125 0.26171875 0.06171875 0.065625
1 0.5203125 0.33125 0.07734375 0.28828125
1 0.5625 0.40078125 0.11328125 0.353125
1 0.5328125 0.22734375 0.05234375 0.08125
1 0.3015625 0.20625 0.08671875 0.159375
1 0.728125 0.2390625 0.03203125 0.02734375
1 0.80625 0.428125 0.1765625 0.234375