1 0.1953125 0.08203125 0.0765625 0.15625
1 0.36015625 0.1953125 0.0953125 0.19140625
1 0.5578125 0.01875 0.05 0.0375
1 0.72109375 0.01875 0.0671875 0.0375
1 0.58125 0.10703125 0.075 0.14375
1 0.75 0.0875 0.06015625 0.1515625
1 0.65390625 0.21796875 0.0578125 0.19296875
1 0.834375 0.27578125 0.08515625 0.2046875
1 0.72109375 0.60078125 0.1203125 0.29609375
1 0.975 0.5015625 0.05 0.259375
1 0.31171875 0.43046875 0.1296875 0.309375
1 0.11328125 0.25546875 0.12265625 0.1765625
1 0.02890625 0.41015625 0.0578125 0.34140625
1 0.20859375 0.91328125 0.3015625 0.1734375