1 0.2984375 0.18828125 0.0453125 0.10390625
1 0.41953125 0.19296875 0.04765625 0.0921875
1 0.478125 0.20078125 0.01875 0.05234375
1 0.54921875 0.20625 0.05 0.05546875
1 0.671875 0.20390625 0.04375 0.09453125
1 0.6421875 0.20625 0.01875 0.0265625
1 0.58515625 0.26171875 0.06484375 0.08828125
1 0.7296875 0.2890625 0.04921875 0.096875
1 0.82421875 0.36953125 0.0734375 0.10859375
1 0.36640625 0.26640625 0.07421875 0.07578125
1 0.2734375 0.22578125 0.059375 0.04765625
1 0.2421875 0.28046875 0.03828125 0.06171875
1 0.33828125 0.3546875 0.1171875 0.08671875
1 0.1453125 0.3078125 0.0859375 0.10859375
1 0.24609375 0.4859375 0.11953125 0.30234375