1 0.4171875 0.1953125 0.05703125 0.065625
1 0.4859375 0.21171875 0.0359375 0.05390625
1 0.55703125 0.228125 0.03828125 0.04453125
1 0.65625 0.20625 0.02890625 0.0265625
1 0.67890625 0.21875 0.04453125 0.09296875
1 0.73125 0.290625 0.05390625 0.0828125
1 0.8375 0.365625 0.0828125 0.1140625
1 0.38359375 0.228125 0.02734375 0.025
1 0.378125 0.26953125 0.078125 0.065625
1 0.36953125 0.3625 0.07890625 0.12578125
1 0.2796875 0.2328125 0.05390625 0.075
1 0.2546875 0.28515625 0.0671875 0.05234375
1 0.13203125 0.33359375 0.0796875 0.1
1 0.1953125 0.44921875 0.12890625 0.20234375
1 0.31875 0.16640625 0.065625 0.07578125