1 0.39765625 0.19140625 0.06328125 0.09296875
1 0.35078125 0.26796875 0.04296875 0.0734375
1 0.4 0.30078125 0.0390625 0.0390625
1 0.39921875 0.359375 0.075 0.08828125
1 0.30859375 0.2984375 0.05078125 0.0421875
1 0.26640625 0.353125 0.0484375 0.0734375
1 0.303125 0.425 0.06328125 0.090625
1 0.16015625 0.4203125 0.0890625 0.14453125
1 0.2078125 0.5 0.13203125 0.1421875
1 0.3078125 0.91953125 0.2265625 0.1609375
1 0.58203125 0.3609375 0.05078125 0.05
1 0.58359375 0.2921875 0.065625 0.08515625
1 0.57578125 0.2921875 0.06953125 0.04609375
1 0.6546875 0.28046875 0.02421875 0.059375
1 0.690625 0.284375 0.0359375 0.090625
1 0.75078125 0.39375 0.0625 0.115625
1 0.83359375 0.4375 0.06875 0.07578125
1 0.97890625 0.59609375 0.04140625 0.196875
1 0.45390625 0.35703125 0.0765625 0.24140625