1 0.359375 0.0921875 0.0421875 0.10390625
1 0.3921875 0.115625 0.0296875 0.05234375
1 0.4265625 0.16484375 0.03828125 0.0640625
1 0.4859375 0.17578125 0.046875 0.05
1 0.5578125 0.1921875 0.0375 0.0484375
1 0.58203125 0.246875 0.0609375 0.11328125
1 0.65625 0.165625 0.02578125 0.0390625
1 0.678125 0.18515625 0.03203125 0.09453125
1 0.74140625 0.26171875 0.06484375 0.07734375
1 0.86796875 0.371875 0.12421875 0.15
1 0.39609375 0.225 0.053125 0.0484375
1 0.4078125 0.271875 0.08359375 0.0890625
1 0.4015625 0.35859375 0.0625 0.1390625
1 0.25 0.4625 0.1140625 0.2296875
1 0.1796875 0.31640625 0.05703125 0.11015625
1 0.009375 0.45390625 0.01875 0.2015625
1 0.30625 0.8296875 0.27421875 0.33984375
1 0.2921875 0.20390625 0.0484375 0.08828125
1 0.26171875 0.26484375 0.07890625 0.05625