1 0.73125 0.625 0.12265625 0.2859375
1 0.978125 0.490625 0.04375 0.26796875
1 0.65703125 0.21015625 0.07890625 0.18125
1 0.83671875 0.2671875 0.0921875 0.18828125
1 0.73984375 0.09140625 0.07421875 0.16015625
1 0.5875 0.11015625 0.0859375 0.128125
1 0.3640625 0.21875 0.1140625 0.19453125
1 0.31484375 0.40859375 0.128125 0.246875
1 0.03515625 0.39609375 0.0703125 0.30703125
1 0.12734375 0.25234375 0.1203125 0.21328125
1 0.19296875 0.0828125 0.0796875 0.15078125
1 0.228125 0.903125 0.30625 0.19375
1 0.575 0.01796875 0.0578125 0.0359375
1 0.7203125 0.0171875 0.071875 0.034375