1 0.36875 0.63984375 0.2796875 0.71328125
1 0.1203125 0.6328125 0.2390625 0.72734375
1 0.22109375 0.3703125 0.178125 0.47578125
1 0.784375 0.68828125 0.265625 0.61875
1 0.85703125 0.39140625 0.146875 0.44765625
1 0.79609375 0.17109375 0.11015625 0.3234375
1 0.44140625 0.49609375 0.1484375 0.77265625
1 0.29921875 0.17109375 0.08515625 0.284375
1 0.26171875 0.915625 0.19921875 0.165625
1 0.60625 0.2796875 0.18046875 0.55546875
1 0.33515625 0.0796875 0.09921875 0.159375
1 0.94296875 0.759375 0.1125 0.475
1 0.6765625 0.5640625 0.18828125 0.86484375
1 0.74375 0.06953125 0.090625 0.1390625
1 0.5375 0.18671875 0.0890625 0.3734375
1 0.4984375 0.49921875 0.99453125 0.9953125
1 0.62734375 0.16484375 0.13984375 0.325