1 0.3921875 0.5765625 0.1859375 0.4578125
1 0.065625 0.31640625 0.04609375 0.1765625
1 0.32890625 0.6828125 0.32890625 0.6296875
1 0.47734375 0.31328125 0.08203125 0.2046875
1 0.12421875 0.37265625 0.084375 0.08515625
1 0.33125 0.253125 0.05390625 0.16484375
1 0.79140625 0.31953125 0.05078125 0.1390625
1 0.7234375 0.31171875 0.0546875 0.0671875
1 0.5453125 0.43671875 0.11875 0.35234375
1 0.39296875 0.215625 0.0359375 0.13515625
1 0.165625 0.26484375 0.03046875 0.17109375
1 0.28125 0.26953125 0.04296875 0.04296875
1 0.42734375 0.2640625 0.06640625 0.14609375
1 0.6625 0.253125 0.0546875 0.08828125
1 0.17265625 0.6828125 0.34453125 0.628125
1 0.8359375 0.4125 0.08203125 0.06328125