1 0.75234375 0.70234375 0.26484375 0.58984375
1 0.42578125 0.3734375 0.20234375 0.5421875
1 0.3625 0.6578125 0.26796875 0.6765625
1 0.10390625 0.6125 0.20703125 0.76875
1 0.21484375 0.39921875 0.17734375 0.5625
1 0.796875 0.2125 0.11328125 0.325
1 0.2890625 0.1765625 0.10078125 0.3140625
1 0.671875 0.57421875 0.18125 0.84453125
1 0.24765625 0.90546875 0.25625 0.1859375
1 0.86171875 0.44453125 0.15078125 0.4328125
1 0.73828125 0.0859375 0.1 0.171875
1 0.578125 0.43046875 0.15859375 0.76953125
1 0.92734375 0.69140625 0.14375 0.6125
1 0.6171875 0.1265625 0.13203125 0.253125
1 0.60546875 0.23671875 0.0984375 0.38125
1 0.49921875 0.5 0.99609375 0.99453125