1 0.57265625 0.02421875 0.0546875 0.04765625
1 0.71796875 0.03828125 0.06875 0.075
1 0.778125 0.1328125 0.08203125 0.1625
1 0.8328125 0.290625 0.0890625 0.19296875
1 0.64296875 0.26015625 0.0953125 0.16875
1 0.59453125 0.12265625 0.053125 0.1515625
1 0.24921875 0.153125 0.06328125 0.1578125
1 0.35625 0.246875 0.0796875 0.203125
1 0.3453125 0.51328125 0.115625 0.3171875
1 0.15546875 0.2671875 0.07890625 0.19296875
1 0.040625 0.44296875 0.08125 0.3234375
1 0.21953125 0.92734375 0.18359375 0.1453125
1 0.7328125 0.553125 0.1578125 0.27265625
1 0.96484375 0.51484375 0.0703125 0.22890625