1 0.31953125 0.6109375 0.33046875 0.54375
1 0.3984375 0.53359375 0.16953125 0.453125
1 0.38046875 0.19453125 0.1046875 0.22421875
1 0.1328125 0.33828125 0.08984375 0.09765625
1 0.36875 0.90859375 0.32265625 0.17890625
1 0.84453125 0.38203125 0.08203125 0.06875
1 0.48671875 0.29921875 0.06953125 0.1921875
1 0.7328125 0.29375 0.053125 0.0484375
1 0.4921875 0.253125 0.05859375 0.09921875
1 0.5265625 0.42109375 0.1359375 0.34921875
1 0.68125 0.240625 0.05859375 0.09765625
1 0.67109375 0.28046875 0.08046875 0.17890625
1 0.3984375 0.37890625 0.11171875 0.33515625
1 0.80390625 0.45546875 0.16328125 0.215625