1 0.2484375 0.471875 0.15546875 0.17109375
1 0.846875 0.3703125 0.08203125 0.07734375
1 0.72265625 0.28671875 0.06015625 0.07578125
1 0.59375 0.25625 0.053125 0.0703125
1 0.67109375 0.2046875 0.034375 0.0875
1 0.54296875 0.2265625 0.03671875 0.0703125
1 0.42890625 0.175 0.0296875 0.0734375
1 0.4671875 0.2109375 0.03046875 0.08984375
1 0.57578125 0.10234375 0.05234375 0.09375
1 0.38046875 0.11875 0.034375 0.04765625
1 0.3171875 0.16640625 0.0453125 0.0609375
1 0.27890625 0.221875 0.03984375 0.0390625
1 0.3609375 0.2609375 0.0703125 0.07109375
1 0.1359375 0.321875 0.08515625 0.09609375
1 0.334375 0.36484375 0.090625 0.08046875
1 0.24140625 0.28046875 0.0765625 0.07265625