1 0.1859375 0.1140625 0.090625 0.12421875
1 0.1234375 0.23828125 0.08203125 0.18203125
1 0.30234375 0.4828125 0.115625 0.26640625
1 0.03828125 0.459375 0.0765625 0.32265625
1 0.20546875 0.90234375 0.2390625 0.1953125
1 0.73359375 0.53828125 0.12265625 0.23046875
1 0.95546875 0.49921875 0.08828125 0.24453125
1 0.82265625 0.28671875 0.1 0.209375
1 0.75625 0.10625 0.08203125 0.1421875
1 0.61640625 0.2578125 0.0765625 0.18671875
1 0.5734375 0.103125 0.05703125 0.125
1 0.69296875 0.02421875 0.05234375 0.04765625
1 0.34609375 0.2453125 0.103125 0.2359375
1 0.559375 0.00859375 0.0640625 0.01640625