1 0.384375 0.1375 0.22265625 0.2640625
1 0.8796875 0.34765625 0.1515625 0.17890625
1 0.04921875 0.51171875 0.0984375 0.30625
1 0.259375 0.2890625 0.08125 0.09765625
1 0.8578125 0.2296875 0.08515625 0.084375
1 0.5484375 0.9578125 0.2328125 0.08125
1 0.575 0.24921875 0.16015625 0.4984375
1 0.7625 0.24140625 0.09375 0.10546875
1 0.16875 0.296875 0.0921875 0.10625
1 0.23984375 0.475 0.1671875 0.29296875
1 0.25625 0.209375 0.05546875 0.07109375
1 0.0640625 0.95234375 0.128125 0.0953125
1 0.740625 0.3625 0.1484375 0.22265625
1 0.8140625 0.61171875 0.36171875 0.728125