1 0.34765625 0.13203125 0.05390625 0.12734375
1 0.38828125 0.2609375 0.04375 0.065625
1 0.36484375 0.26875 0.03515625 0.05625
1 0.3171875 0.3421875 0.05546875 0.08046875
1 0.28984375 0.23671875 0.06484375 0.0484375
1 0.25703125 0.26875 0.04453125 0.06171875
1 0.1203125 0.31640625 0.06796875 0.096875
1 0.13828125 0.48046875 0.14375 0.2125
1 0.51015625 0.228125 0.1578125 0.45625
1 0.44140625 0.03828125 0.03515625 0.06015625
1 0.6421875 0.19609375 0.01484375 0.03828125
1 0.671875 0.2140625 0.0421875 0.11796875
1 0.7265625 0.2859375 0.0609375 0.09296875
1 0.828125 0.38359375 0.090625 0.13125