1 0.84609375 0.5765625 0.30703125 0.84609375
1 0.65625 0.278125 0.18125 0.32578125
1 0.67578125 0.128125 0.10625 0.2125
1 0.571875 0.090625 0.04609375 0.0890625
1 0.59921875 0.03828125 0.0671875 0.0765625
1 0.5390625 0.0390625 0.034375 0.078125
1 0.4296875 0.0890625 0.03984375 0.05546875
1 0.4078125 0.1578125 0.0703125 0.0890625
1 0.46953125 0.2203125 0.06171875 0.10859375
1 0.38046875 0.209375 0.0703125 0.11953125
1 0.44140625 0.315625 0.05859375 0.11953125
1 0.315625 0.28046875 0.07734375 0.13515625
1 0.40625 0.49140625 0.10859375 0.25859375
1 0.22890625 0.52265625 0.11484375 0.18125
1 0.3234375 0.84609375 0.2 0.3078125
1 0.07109375 0.8234375 0.1421875 0.346875