1 0.346875 0.85 0.278125 0.29609375
1 0.16796875 0.41875 0.08046875 0.09296875
1 0.378125 0.27421875 0.0890625 0.165625
1 0.68828125 0.3328125 0.05078125 0.0875
1 0.50625 0.403125 0.07265625 0.2859375
1 0.16640625 0.703125 0.2984375 0.584375
1 0.4046875 0.590625 0.13828125 0.4109375
1 0.2296875 0.5203125 0.1546875 0.21796875
1 0.45625 0.353125 0.0671875 0.16875
1 0.5625 0.49296875 0.10859375 0.3765625
1 0.79375 0.55625 0.11328125 0.22421875
1 0.71328125 0.43828125 0.08984375 0.171875
1 0.73046875 0.3890625 0.05546875 0.0734375
1 0.9578125 0.79453125 0.0828125 0.40546875
1 0.3234375 0.3265625 0.04921875 0.059375
1 0.01953125 0.6328125 0.0390625 0.2984375
1 0.8 0.50390625 0.1 0.12109375