1 0.175 0.21640625 0.1015625 0.175
1 0.415625 0.2234375 0.0734375 0.14921875
1 0.32265625 0.42109375 0.10546875 0.209375
1 0.7734375 0.61484375 0.078125 0.203125
1 0.97109375 0.5453125 0.05703125 0.24453125
1 0.8953125 0.35078125 0.09296875 0.2125
1 0.6671875 0.2953125 0.07421875 0.17890625
1 0.684375 0.1421875 0.0640625 0.12109375
1 0.80625 0.17421875 0.08984375 0.16328125
1 0.76953125 0.05625 0.06640625 0.1078125
1 0.6421875 0.03828125 0.0609375 0.07578125
1 0.57421875 0.01796875 0.05078125 0.0359375
1 0.27421875 0.08125 0.07578125 0.11015625
1 0.05625 0.34453125 0.1125 0.27265625
1 0.20703125 0.8875 0.1859375 0.225