1 0.471875 0.34765625 0.0671875 0.18515625
1 0.3921875 0.178125 0.04453125 0.1171875
1 0.34375 0.24375 0.03515625 0.059375
1 0.31328125 0.30234375 0.0453125 0.09453125
1 0.40078125 0.31953125 0.05859375 0.08046875
1 0.33828125 0.40859375 0.08984375 0.084375
1 0.2640625 0.3453125 0.06171875 0.07890625
1 0.16796875 0.39921875 0.09609375 0.1046875
1 0.2234375 0.52109375 0.146875 0.18125
1 0.021875 0.54921875 0.04296875 0.21015625
1 0.3265625 0.90546875 0.3609375 0.18828125
1 0.7890625 0.4859375 0.109375 0.121875
1 0.9734375 0.5421875 0.04375 0.23203125
1 0.7421875 0.35859375 0.05703125 0.06171875
1 0.68359375 0.29765625 0.053125 0.07578125
1 0.65078125 0.2890625 0.034375 0.0515625
1 0.5625 0.29765625 0.05859375 0.06015625
1 0.55625 0.37890625 0.078125 0.0921875