1 0.746875 0.70859375 0.253125 0.57734375
1 0.10625 0.6203125 0.2125 0.753125
1 0.2 0.39140625 0.18125 0.45390625
1 0.32890625 0.6578125 0.27734375 0.6765625
1 0.78515625 0.19375 0.11484375 0.3328125
1 0.25859375 0.171875 0.13984375 0.31640625
1 0.5796875 0.2953125 0.13203125 0.5890625
1 0.20390625 0.9078125 0.2 0.18125
1 0.39296875 0.51640625 0.1875 0.771875
1 0.66328125 0.56875 0.18359375 0.85390625
1 0.84609375 0.35 0.165625 0.31640625
1 0.83203125 0.6703125 0.33203125 0.6515625
1 0.72265625 0.07734375 0.0765625 0.1546875
1 0.621875 0.22265625 0.1453125 0.38125
1 0.93125 0.67109375 0.13515625 0.65234375
1 0.60859375 0.46953125 0.17421875 0.89921875
1 0.49921875 0.49921875 0.99453125 0.9953125
1 0.59375 0.115625 0.1 0.22890625