1 0.16015625 0.8078125 0.31875 0.38125
1 0.3140625 0.6640625 0.33203125 0.66640625
1 0.8578125 0.37109375 0.08359375 0.071875
1 0.36796875 0.165625 0.11171875 0.1890625
1 0.80859375 0.44375 0.1828125 0.21875
1 0.15078125 0.3234375 0.0953125 0.096875
1 0.446875 0.24140625 0.05703125 0.16484375
1 0.49140625 0.3765625 0.07578125 0.41328125
1 0.73046875 0.2796875 0.05234375 0.05234375
1 0.31953125 0.34453125 0.08046875 0.109375
1 0.67578125 0.21484375 0.04921875 0.0890625
1 0.55390625 0.30546875 0.065625 0.15234375
1 0.67265625 0.2859375 0.08125 0.23125
1 0.3953125 0.1609375 0.03203125 0.10625
1 0.38359375 0.5203125 0.20859375 0.46015625