1 0.42421875 0.1765625 0.04140625 0.071875
1 0.290625 0.21875 0.0609375 0.05625
1 0.3765625 0.23828125 0.04765625 0.040625
1 0.37109375 0.2734375 0.053125 0.06015625
1 0.2453125 0.278125 0.046875 0.04765625
1 0.1328125 0.325 0.0859375 0.11171875
1 0.265625 0.47890625 0.1203125 0.2203125
1 0.3390625 0.35 0.06875 0.08515625
1 0.478125 0.2078125 0.0421875 0.075
1 0.55078125 0.2171875 0.04140625 0.05625
1 0.590625 0.2609375 0.053125 0.071875
1 0.64375 0.19296875 0.02578125 0.05
1 0.675 0.20390625 0.040625 0.0828125
1 0.7296875 0.2640625 0.04765625 0.0421875
1 0.80390625 0.34921875 0.08515625 0.115625