1 0.24296875 0.48984375 0.121875 0.18359375
1 0.13046875 0.34375 0.08046875 0.115625
1 0.3421875 0.38828125 0.0953125 0.11796875
1 0.8546875 0.36796875 0.0921875 0.11015625
1 0.7109375 0.2921875 0.06015625 0.0640625
1 0.6015625 0.271875 0.06953125 0.06484375
1 0.67421875 0.2265625 0.04453125 0.08046875
1 0.5546875 0.2375 0.04921875 0.078125
1 0.47890625 0.19921875 0.03125 0.084375
1 0.58046875 0.11171875 0.028125 0.08984375
1 0.4296875 0.1875 0.03125 0.07109375
1 0.371875 0.13671875 0.0515625 0.08828125
1 0.2765625 0.2234375 0.053125 0.06484375
1 0.3640625 0.2796875 0.075 0.10390625
1 0.2328125 0.2765625 0.053125 0.12890625
1 0.28984375 0.16796875 0.06640625 0.11015625