1 0.453125 0.2921875 0.05625 0.175
1 0.40546875 0.1265625 0.05703125 0.08515625
1 0.3203125 0.2 0.0359375 0.05625
1 0.3046875 0.246875 0.04296875 0.06796875
1 0.39140625 0.24375 0.046875 0.040625
1 0.3921875 0.2859375 0.05234375 0.0671875
1 0.38046875 0.37109375 0.078125 0.125
1 0.25390625 0.29765625 0.0421875 0.0484375
1 0.146875 0.3546875 0.06953125 0.08671875
1 0.2125 0.49453125 0.16015625 0.22734375
1 0.03046875 0.496875 0.06015625 0.15078125
1 0.28671875 0.875 0.2734375 0.25
1 0.84375 0.40625 0.09765625 0.0828125
1 0.98671875 0.52421875 0.02578125 0.1078125
1 0.73359375 0.30625 0.04921875 0.06015625
1 0.68828125 0.25546875 0.07421875 0.1171875
1 0.65625 0.228125 0.02265625 0.02734375
1 0.528125 0.30625 0.040625 0.0890625
1 0.54921875 0.2484375 0.03671875 0.071875
1 0.59765625 0.2984375 0.0609375 0.06953125