1 0.29765625 0.69375 0.27734375 0.6078125
1 0.68828125 0.71953125 0.23671875 0.55625
1 0.1296875 0.48984375 0.18828125 0.4984375
1 0.35 0.48125 0.16640625 0.53515625
1 0.76171875 0.4453125 0.14921875 0.41484375
1 0.6953125 0.2546875 0.11015625 0.32734375
1 0.23671875 0.1359375 0.10859375 0.25859375
1 0.59375 0.60234375 0.18359375 0.78046875
1 0.08359375 0.703125 0.1671875 0.58828125
1 0.203125 0.29375 0.10234375 0.2796875
1 0.6453125 0.11328125 0.08671875 0.20859375
1 0.89609375 0.72265625 0.20546875 0.5484375
1 0.8609375 0.21875 0.10234375 0.35625
1 0.5234375 0.1140625 0.090625 0.22734375
1 0.53828125 0.2984375 0.13203125 0.390625
1 0.446875 0.1578125 0.0859375 0.3078125
1 0.5 0.49921875 0.99296875 0.996875
1 0.27109375 0.07578125 0.0734375 0.15
1 0.5875 0.05859375 0.040625 0.1171875