1 0.4078125 0.1546875 0.15078125 0.1578125
1 0.3953125 0.2890625 0.05078125 0.0734375
1 0.40546875 0.34453125 0.1109375 0.13515625
1 0.403125 0.3890625 0.15390625 0.1484375
1 0.16328125 0.3546875 0.10625 0.08125
1 0.27109375 0.284375 0.0703125 0.06171875
1 0.290625 0.23203125 0.0359375 0.04296875
1 0.22890625 0.42734375 0.13671875 0.15390625
1 0.34375 0.821875 0.259375 0.35625
1 0.57890625 0.2421875 0.04140625 0.06953125
1 0.58828125 0.28671875 0.0546875 0.05625
1 0.6484375 0.23359375 0.0296875 0.0234375
1 0.68125 0.23515625 0.0609375 0.07890625
1 0.73515625 0.3078125 0.040625 0.0640625
1 0.8078125 0.43046875 0.10625 0.14453125
1 0.984375 0.56953125 0.03046875 0.26015625
1 0.33125 0.21640625 0.040625 0.065625