1 0.36796875 0.1328125 0.05234375 0.0921875
1 0.30546875 0.22578125 0.04453125 0.0578125
1 0.45 0.17890625 0.04140625 0.07890625
1 0.5203125 0.19453125 0.046875 0.06328125
1 0.4078125 0.23359375 0.03046875 0.0421875
1 0.40703125 0.28203125 0.05859375 0.065625
1 0.37578125 0.34296875 0.06015625 0.0984375
1 0.27265625 0.28046875 0.0546875 0.059375
1 0.18203125 0.33125 0.1171875 0.08046875
1 0.2546875 0.4421875 0.13359375 0.22734375
1 0.015625 0.49296875 0.03046875 0.12734375
1 0.32421875 0.76796875 0.1828125 0.31484375
1 0.590625 0.221875 0.02421875 0.07578125
1 0.67109375 0.2234375 0.03671875 0.05546875
1 0.690625 0.253125 0.05625 0.10625
1 0.58203125 0.2953125 0.05546875 0.1078125
1 0.75546875 0.31796875 0.0625 0.0890625
1 0.80546875 0.4 0.06953125 0.10859375
1 0.9828125 0.5765625 0.03359375 0.22734375