1 0.73671875 0.6984375 0.259375 0.5984375
1 0.38046875 0.36328125 0.20546875 0.53671875
1 0.3296875 0.65 0.278125 0.69296875
1 0.80859375 0.38671875 0.14375 0.39375
1 0.21875 0.1765625 0.13984375 0.31796875
1 0.15 0.428125 0.203125 0.49453125
1 0.91640625 0.66484375 0.165625 0.665625
1 0.7390625 0.17890625 0.09921875 0.31796875
1 0.09765625 0.65703125 0.19453125 0.68125
1 0.53359375 0.3734375 0.09453125 0.59375
1 0.6875 0.06953125 0.0890625 0.1390625
1 0.17890625 0.9109375 0.2015625 0.175
1 0.63828125 0.4734375 0.175 0.68125
1 0.57109375 0.05078125 0.10703125 0.10078125
1 0.5 0.49921875 0.99453125 0.99375
1 0.5671875 0.1046875 0.11640625 0.20859375