1 0.2296875 0.0875 0.09296875 0.13359375
1 0.57578125 0.0125 0.0546875 0.025
1 0.71875 0.02109375 0.07265625 0.0421875
1 0.78125 0.0875 0.0890625 0.17109375
1 0.6203125 0.08671875 0.07109375 0.15
1 0.6625 0.21796875 0.07109375 0.20390625
1 0.853125 0.25703125 0.1 0.16796875
1 0.77578125 0.52578125 0.11796875 0.271875
1 0.975 0.47578125 0.05 0.2421875
1 0.2640625 0.9 0.24765625 0.18828125
1 0.32265625 0.471875 0.11640625 0.35546875
1 0.04296875 0.396875 0.0859375 0.33125
1 0.1265625 0.26171875 0.12265625 0.184375
1 0.35703125 0.20859375 0.0953125 0.203125