1 0.42421875 0.6546875 0.28671875 0.684375
1 0.33515625 0.1890625 0.059375 0.16328125
1 0.16171875 0.3890625 0.13203125 0.246875
1 0.40625 0.49921875 0.1421875 0.4265625
1 0.86171875 0.3578125 0.08046875 0.0578125
1 0.68125 0.1953125 0.05078125 0.08203125
1 0.1390625 0.3109375 0.0859375 0.090625
1 0.51484375 0.15859375 0.03125 0.06328125
1 0.59375 0.23984375 0.0578125 0.07890625
1 0.278125 0.20703125 0.04609375 0.04140625
1 0.48515625 0.2546875 0.06640625 0.15703125
1 0.5578125 0.37109375 0.13359375 0.3390625
1 0.73125 0.2609375 0.05390625 0.04765625
1 0.56796875 0.20390625 0.04453125 0.05859375
1 0.4984375 0.159375 0.02890625 0.06171875
1 0.81015625 0.42890625 0.18671875 0.19921875