1 0.328125 0.50703125 0.09765625 0.20390625
1 0.03671875 0.4328125 0.0734375 0.2953125
1 0.13046875 0.2484375 0.0984375 0.19453125
1 0.37578125 0.23203125 0.09375 0.140625
1 0.19765625 0.084375 0.0875 0.134375
1 0.5578125 0.2671875 0.07734375 0.165625
1 0.75546875 0.5265625 0.09453125 0.22890625
1 0.971875 0.45546875 0.05625 0.2140625
1 0.8421875 0.2890625 0.08359375 0.18828125
1 0.77109375 0.10234375 0.053125 0.1265625
1 0.72421875 0.0234375 0.05703125 0.046875
1 0.61015625 0.128125 0.0703125 0.11640625
1 0.58359375 0.02109375 0.04609375 0.0421875