1 0.4734375 0.1375 0.1359375 0.221875
1 0.546875 0.1421875 0.0859375 0.20078125
1 0.6109375 0.18515625 0.04765625 0.1234375
1 0.675 0.31953125 0.04296875 0.059375
1 0.6703125 0.26015625 0.0546875 0.07890625
1 0.7484375 0.33359375 0.06015625 0.07890625
1 0.67265625 0.4265625 0.0703125 0.1234375
1 0.8359375 0.4125 0.0921875 0.096875
1 0.73671875 0.55234375 0.1328125 0.2296875
1 0.9796875 0.63203125 0.03984375 0.34765625
1 0.290625 0.39609375 0.06796875 0.0984375
1 0.18671875 0.4234375 0.1125 0.16640625
1 0.2703125 0.5859375 0.12109375 0.19453125
1 0.04140625 0.6640625 0.0828125 0.23125