1 0.72578125 0.690625 0.25078125 0.61328125
1 0.31640625 0.64921875 0.30859375 0.696875
1 0.17578125 0.39296875 0.1875 0.4546875
1 0.7578125 0.1828125 0.11015625 0.3421875
1 0.815625 0.3953125 0.14609375 0.44609375
1 0.3953125 0.40625 0.1578125 0.584375
1 0.91953125 0.66015625 0.15859375 0.55078125
1 0.6328125 0.37421875 0.18203125 0.47890625
1 0.24140625 0.1625 0.12421875 0.2921875
1 0.2375 0.9109375 0.1984375 0.1734375
1 0.10078125 0.62578125 0.2015625 0.74375
1 0.56875 0.21015625 0.1109375 0.3953125
1 0.703125 0.075 0.08984375 0.15
1 0.29765625 0.075 0.096875 0.15
1 0.56484375 0.41640625 0.12578125 0.80546875
1 0.58515625 0.0640625 0.1078125 0.128125
1 0.49921875 0.49921875 0.99453125 0.9953125
1 0.5015625 0.0984375 0.08203125 0.196875