1 0.6921875 0.27109375 0.34375 0.47421875
1 0.54375 0.1734375 0.16171875 0.32265625
1 0.79765625 0.50234375 0.1140625 0.20390625
1 0.94609375 0.7515625 0.10703125 0.49609375
1 0.38359375 0.159375 0.08359375 0.10625
1 0.2953125 0.13359375 0.04765625 0.07734375
1 0.24609375 0.2234375 0.06484375 0.1
1 0.353125 0.015625 0.03515625 0.03125
1 0.36015625 0.4546875 0.08046875 0.190625
1 0.15 0.4484375 0.146875 0.16640625
1 0.26796875 0.81640625 0.1828125 0.33984375
1 0.05859375 0.7953125 0.1171875 0.2484375