1 0.4 0.31171875 0.340625 0.6234375
1 0.8578125 0.28671875 0.0671875 0.08046875
1 0.12890625 0.515625 0.12890625 0.19921875
1 0.0296875 0.55703125 0.059375 0.196875
1 0.2515625 0.34140625 0.07890625 0.08046875
1 0.65234375 0.16796875 0.03671875 0.0875
1 0.24765625 0.2796875 0.0671875 0.0671875
1 0.16640625 0.3484375 0.10234375 0.14453125
1 0.240625 0.46953125 0.13203125 0.2265625
1 0.7625 0.221875 0.0609375 0.0734375
1 0.66328125 0.3421875 0.07890625 0.11171875
1 0.734375 0.44140625 0.1171875 0.1234375