1 0.2125 0.43125 0.084375 0.13515625
1 0.403125 0.384375 0.07109375 0.10703125
1 0.81875 0.3671875 0.1015625 0.071875
1 0.73828125 0.2640625 0.08125 0.07265625
1 0.68515625 0.1859375 0.04453125 0.08125
1 0.584375 0.25390625 0.04921875 0.084375
1 0.5875 0.07421875 0.04609375 0.0546875
1 0.56015625 0.209375 0.05390625 0.0453125
1 0.471875 0.19921875 0.0421875 0.0765625
1 0.41875 0.1703125 0.0375 0.05
1 0.3296875 0.153125 0.05625 0.08046875
1 0.38125 0.25703125 0.06640625 0.0859375
1 0.2765625 0.20703125 0.05546875 0.06875
1 0.2484375 0.25 0.0671875 0.07109375
1 0.13046875 0.31328125 0.07578125 0.08828125
1 0.35390625 0.0671875 0.0203125 0.02734375
1 0.39609375 0.2015625 0.0578125 0.04453125