1 0.934375 0.4421875 0.13125 0.86953125
1 0.3734375 0.80390625 0.2140625 0.25625
1 0.24609375 0.471875 0.12109375 0.140625
1 0.14453125 0.3640625 0.096875 0.0671875
1 0.40703125 0.4109375 0.07421875 0.13671875
1 0.25078125 0.31640625 0.05078125 0.05
1 0.37578125 0.296875 0.0546875 0.05234375
1 0.2890625 0.2625 0.05625 0.0390625
1 0.48203125 0.2484375 0.03828125 0.0640625
1 0.44375 0.2671875 0.04296875 0.1140625
1 0.390625 0.15390625 0.05390625 0.1
1 0.5703125 0.25078125 0.04296875 0.06015625
1 0.578125 0.309375 0.05546875 0.05625
1 0.6734375 0.25546875 0.0421875 0.07734375
1 0.64453125 0.2453125 0.0328125 0.04453125
1 0.7265625 0.31484375 0.03203125 0.0515625
1 0.8296875 0.39296875 0.075 0.08125