1 0.75703125 0.70390625 0.25546875 0.58671875
1 0.1109375 0.609375 0.22109375 0.77421875
1 0.21171875 0.3734375 0.18046875 0.45703125
1 0.33828125 0.64921875 0.27734375 0.69375
1 0.27109375 0.15625 0.1390625 0.3125
1 0.2203125 0.896875 0.19609375 0.20234375
1 0.403125 0.50078125 0.18359375 0.771875
1 0.7953125 0.1828125 0.12421875 0.33203125
1 0.590625 0.2859375 0.134375 0.571875
1 0.740625 0.06796875 0.0859375 0.1359375
1 0.675 0.5625 0.18515625 0.865625
1 0.1625 0.08359375 0.06796875 0.13984375
1 0.8640625 0.35234375 0.16796875 0.321875
1 0.6171875 0.4578125 0.17265625 0.88515625
1 0.49765625 0.49921875 0.99296875 0.9953125
1 0.83359375 0.5921875 0.3078125 0.79765625
1 0.60859375 0.12109375 0.096875 0.24140625
1 0.63203125 0.2125 0.14296875 0.3890625