1 0.42421875 0.1875 0.046875 0.05546875
1 0.47890625 0.21171875 0.028125 0.0484375
1 0.5453125 0.22890625 0.02734375 0.0515625
1 0.65625 0.22421875 0.02890625 0.04453125
1 0.678125 0.21953125 0.03671875 0.07890625
1 0.59609375 0.28203125 0.05859375 0.08515625
1 0.7125 0.30234375 0.04375 0.07890625
1 0.8375 0.375 0.065625 0.11953125
1 0.38359375 0.24140625 0.03046875 0.04453125
1 0.3765625 0.28203125 0.06171875 0.07734375
1 0.2890625 0.234375 0.065625 0.075
1 0.25 0.2796875 0.0546875 0.06015625
1 0.12265625 0.31796875 0.06171875 0.08671875
1 0.3015625 0.37421875 0.071875 0.12890625
1 0.2015625 0.453125 0.13515625 0.22578125
1 0.29921875 0.19140625 0.0515625 0.059375