1 0.2734375 0.44609375 0.1546875 0.20078125
1 0.0546875 0.6890625 0.109375 0.578125
1 0.775 0.26953125 0.06015625 0.09765625
1 0.640625 0.171875 0.04765625 0.14296875
1 0.2515625 0.25703125 0.053125 0.06328125
1 0.3375 0.18515625 0.0375 0.03203125
1 0.32421875 0.34609375 0.0734375 0.103125
1 0.840625 0.26171875 0.0796875 0.0875
1 0.7734375 0.19765625 0.06484375 0.06640625
1 0.8921875 0.471875 0.20703125 0.52578125
1 0.16015625 0.32421875 0.1046875 0.12578125
1 0.55859375 0.96328125 0.25625 0.0671875
1 0.52734375 0.12890625 0.19609375 0.25703125
1 0.8109375 0.48203125 0.12109375 0.21015625
1 0.3421875 0.2515625 0.0265625 0.05
1 0.75 0.2078125 0.015625 0.0328125