1 0.20390625 0.46640625 0.11796875 0.1328125
1 0.353125 0.3640625 0.071875 0.07734375
1 0.14765625 0.33515625 0.0828125 0.06171875
1 0.2484375 0.28671875 0.06953125 0.05
1 0.38046875 0.28671875 0.05703125 0.05234375
1 0.275 0.24140625 0.06484375 0.0578125
1 0.315625 0.19140625 0.04765625 0.08125
1 0.38125 0.24765625 0.04296875 0.025
1 0.81875 0.38046875 0.08828125 0.07890625
1 0.7203125 0.27890625 0.06328125 0.0515625
1 0.5859375 0.29921875 0.05 0.08984375
1 0.6734375 0.2203125 0.06015625 0.08203125
1 0.553125 0.23515625 0.05234375 0.05078125
1 0.48359375 0.2046875 0.0375 0.04375
1 0.43828125 0.18125 0.04921875 0.07890625
1 0.38125 0.14453125 0.0375 0.05859375
1 0.575 0.1140625 0.0265625 0.04609375