1 0.37734375 0.28046875 0.11171875 0.21953125
1 0.31796875 0.853125 0.33203125 0.290625
1 0.3953125 0.621875 0.17265625 0.47578125
1 0.13984375 0.4234375 0.08125 0.096875
1 0.778125 0.5453125 0.1125 0.23046875
1 0.15078125 0.70859375 0.30078125 0.575
1 0.2109375 0.53359375 0.15234375 0.225
1 0.734375 0.384375 0.053125 0.0578125
1 0.45625 0.38515625 0.04140625 0.16015625
1 0.54375 0.51171875 0.1109375 0.35625
1 0.70625 0.4359375 0.11015625 0.1625
1 0.2828125 0.3296875 0.04140625 0.04375
1 0.678125 0.32109375 0.05234375 0.0921875
1 0.40859375 0.475 0.109375 0.29765625
1 0.9484375 0.784375 0.10078125 0.42578125
1 0.54296875 0.38203125 0.07890625 0.171875
1 0.25 0.37421875 0.0515625 0.028125
1 0.6703125 0.34140625 0.08203125 0.13359375