1 0.02421875 0.63515625 0.0484375 0.24140625
1 0.24921875 0.59296875 0.1296875 0.321875
1 0.296875 0.94453125 0.31328125 0.1109375
1 0.96875 0.6390625 0.06171875 0.2640625
1 0.8375 0.521875 0.11328125 0.15625
1 0.71875 0.409375 0.05546875 0.06953125
1 0.6765625 0.3546875 0.0703125 0.084375
1 0.64140625 0.33984375 0.03046875 0.04765625
1 0.553125 0.3390625 0.06015625 0.0421875
1 0.5796875 0.41484375 0.05390625 0.07890625
1 0.4296875 0.23125 0.08515625 0.084375
1 0.465625 0.3984375 0.05390625 0.14609375
1 0.3921875 0.35703125 0.0328125 0.03125
1 0.39140625 0.39921875 0.04921875 0.05
1 0.36640625 0.4796875 0.071875 0.1140625
1 0.26953125 0.39140625 0.05390625 0.04453125
1 0.29453125 0.36328125 0.0625 0.0171875
1 0.14140625 0.45625 0.0984375 0.09609375