1 0.23828125 0.08125 0.08671875 0.13984375
1 0.3609375 0.2296875 0.0984375 0.18984375
1 0.35703125 0.4515625 0.1140625 0.30625
1 0.2203125 0.90703125 0.234375 0.18515625
1 0.79609375 0.5234375 0.09765625 0.25546875
1 0.865625 0.278125 0.0984375 0.18125
1 0.68359375 0.228125 0.0671875 0.190625
1 0.03828125 0.39921875 0.0765625 0.3859375
1 0.146875 0.265625 0.09921875 0.203125
1 0.6296875 0.1 0.0734375 0.1703125
1 0.81171875 0.09921875 0.08984375 0.16015625
1 0.740625 0.01953125 0.04609375 0.0390625
1 0.5921875 0.01640625 0.03984375 0.0328125