1 0.68671875 0.36015625 0.05234375 0.0875
1 0.57421875 0.36796875 0.0453125 0.07421875
1 0.37734375 0.47734375 0.0875 0.13125
1 0.79921875 0.53203125 0.1 0.1203125
1 0.38984375 0.40078125 0.0578125 0.06328125
1 0.22578125 0.8734375 0.2546875 0.25
1 0.58671875 0.40703125 0.0515625 0.08203125
1 0.7421875 0.42265625 0.05703125 0.06328125
1 0.3640625 0.215625 0.040625 0.0609375
1 0.2640625 0.40234375 0.04765625 0.0296875
1 0.3171875 0.3578125 0.040625 0.05390625
1 0.4140625 0.37578125 0.0328125 0.040625
1 0.190625 0.55703125 0.15234375 0.21796875
1 0.1546875 0.44921875 0.075 0.0875
1 0.23828125 0.48203125 0.06328125 0.09296875
1 0.55546875 0.3546875 0.02109375 0.0453125
1 0.984375 0.6078125 0.03125 0.29296875
1 0.015625 0.575 0.03125 0.1390625
1 0.44375 0.33515625 0.04453125 0.0671875
1 0.49296875 0.33359375 0.04140625 0.065625