1 0.72265625 0.6890625 0.25078125 0.615625
1 0.9125 0.6703125 0.1734375 0.653125
1 0.8078125 0.41328125 0.14609375 0.46484375
1 0.75078125 0.1828125 0.10390625 0.3390625
1 0.15078125 0.40703125 0.14921875 0.51953125
1 0.2375 0.13984375 0.1125 0.26953125
1 0.09375 0.62734375 0.1875 0.7359375
1 0.70234375 0.0703125 0.09609375 0.140625
1 0.32890625 0.65703125 0.26640625 0.678125
1 0.54609375 0.290625 0.1484375 0.58125
1 0.2515625 0.43828125 0.16640625 0.453125
1 0.58046875 0.4171875 0.1671875 0.7828125
1 0.640625 0.565625 0.17578125 0.8546875
1 0.49921875 0.49921875 0.99453125 0.99453125
1 0.59453125 0.20625 0.13671875 0.35625