1 0.30859375 0.67578125 0.36015625 0.6421875
1 0.38984375 0.55 0.190625 0.44765625
1 0.1296875 0.3390625 0.0859375 0.08515625
1 0.43046875 0.2390625 0.065625 0.15
1 0.67265625 0.2234375 0.05078125 0.08515625
1 0.4796875 0.3171875 0.06953125 0.28671875
1 0.72265625 0.2859375 0.053125 0.05546875
1 0.69765625 0.3390625 0.10390625 0.1625
1 0.30625 0.21796875 0.07265625 0.159375
1 0.27421875 0.23671875 0.04609375 0.0453125
1 0.79453125 0.4515625 0.16953125 0.2125
1 0.834375 0.37890625 0.0859375 0.065625
1 0.36484375 0.2765625 0.05859375 0.0578125
1 0.515625 0.35 0.0640625 0.2765625
1 0.246875 0.28203125 0.04765625 0.034375
1 0.56640625 0.178125 0.05390625 0.0984375
1 0.39296875 0.40078125 0.11640625 0.30859375
1 0.54453125 0.425 0.1125 0.396875