1 0.965625 0.759375 0.06875 0.38203125
1 0.865625 0.46328125 0.08828125 0.16015625
1 0.803125 0.140625 0.2421875 0.28125
1 0.603125 0.14609375 0.1953125 0.24140625
1 0.50703125 0.02890625 0.0546875 0.0578125
1 0.43828125 0.1296875 0.04921875 0.08125
1 0.46484375 0.05390625 0.0375 0.06015625
1 0.40859375 0.053125 0.05625 0.08515625
1 0.33203125 0.11015625 0.05234375 0.07578125
1 0.3171875 0.2234375 0.05859375 0.16015625
1 0.43046875 0.44609375 0.096875 0.21015625
1 0.23359375 0.4578125 0.09296875 0.140625
1 0.353125 0.80390625 0.19765625 0.3921875
1 0.07578125 0.74921875 0.1515625 0.384375