1 0.47265625 0.234375 0.0484375 0.10390625
1 0.415625 0.1953125 0.04375 0.075
1 0.29921875 0.15703125 0.0515625 0.06171875
1 0.2984375 0.23671875 0.0484375 0.07890625
1 0.375 0.2375 0.02890625 0.034375
1 0.37734375 0.29140625 0.0640625 0.08671875
1 0.33046875 0.35234375 0.0640625 0.08828125
1 0.24140625 0.26328125 0.046875 0.07734375
1 0.16015625 0.35234375 0.12421875 0.14609375
1 0.27734375 0.471875 0.19609375 0.19296875
1 0.58203125 0.28203125 0.0515625 0.071875
1 0.540625 0.253125 0.06015625 0.0671875
1 0.665625 0.21640625 0.0421875 0.0734375
1 0.7328125 0.28515625 0.053125 0.0734375
1 0.8578125 0.3953125 0.0828125 0.12109375