1 0.4234375 0.17109375 0.0296875 0.071875
1 0.48203125 0.18671875 0.03125 0.071875
1 0.36328125 0.16796875 0.06171875 0.07890625
1 0.27578125 0.2203125 0.07265625 0.034375
1 0.2421875 0.2671875 0.0390625 0.04609375
1 0.15390625 0.3109375 0.08671875 0.1
1 0.23984375 0.4578125 0.14765625 0.1828125
1 0.34609375 0.35234375 0.084375 0.09609375
1 0.37421875 0.25703125 0.06015625 0.05625
1 0.55234375 0.2203125 0.04453125 0.0671875
1 0.5921875 0.271875 0.05234375 0.06796875
1 0.67578125 0.21640625 0.0796875 0.1046875
1 0.7203125 0.27578125 0.07109375 0.06015625
1 0.859375 0.37734375 0.08125 0.1140625