1 0.37890625 0.509375 0.21171875 0.42578125
1 0.28359375 0.66328125 0.36640625 0.6671875
1 0.47890625 0.3109375 0.078125 0.3109375
1 0.65078125 0.2140625 0.103125 0.13984375
1 0.11796875 0.3203125 0.08671875 0.07421875
1 0.85546875 0.36015625 0.08046875 0.05859375
1 0.54296875 0.378125 0.12890625 0.34453125
1 0.43125 0.24921875 0.07109375 0.209375
1 0.728125 0.26484375 0.05234375 0.0484375
1 0.27734375 0.21484375 0.04375 0.04296875
1 0.35625 0.25078125 0.0578125 0.0625
1 0.38984375 0.3546875 0.12578125 0.26953125
1 0.29765625 0.23125 0.084375 0.078125
1 0.80546875 0.43359375 0.18046875 0.20703125
1 0.7046875 0.3859375 0.1 0.290625
1 0.24453125 0.2609375 0.04375 0.0265625