1 0.36953125 0.18671875 0.05 0.09296875
1 0.2984375 0.30625 0.03671875 0.08515625
1 0.41328125 0.30546875 0.05078125 0.02265625
1 0.396875 0.3421875 0.0390625 0.059375
1 0.3609375 0.41328125 0.0546875 0.1046875
1 0.26015625 0.34296875 0.0453125 0.05625
1 0.153125 0.37890625 0.059375 0.08828125
1 0.21328125 0.49921875 0.1171875 0.19140625
1 0.23515625 0.8640625 0.1984375 0.27109375
1 0.51640625 0.2609375 0.04453125 0.0890625
1 0.44609375 0.25703125 0.04296875 0.0890625
1 0.6734375 0.30390625 0.04765625 0.06171875
1 0.70390625 0.30390625 0.0625 0.0984375
1 0.56875 0.30234375 0.05 0.06171875
1 0.58671875 0.36953125 0.053125 0.0984375
1 0.73359375 0.37890625 0.0546875 0.0828125
1 0.79375 0.4828125 0.090625 0.1390625
1 0.9765625 0.64765625 0.046875 0.18671875