1 0.328125 0.1390625 0.0515625 0.0734375
1 0.27421875 0.196875 0.04453125 0.06328125
1 0.39140625 0.21015625 0.0546875 0.0390625
1 0.3859375 0.246875 0.034375 0.07109375
1 0.2578125 0.25 0.0578125 0.075
1 0.35546875 0.3328125 0.075 0.10078125
1 0.15078125 0.3125 0.0828125 0.11015625
1 0.24140625 0.43359375 0.15234375 0.2125
1 0.48125 0.1859375 0.0375 0.075
1 0.43203125 0.165625 0.034375 0.06015625
1 0.54140625 0.196875 0.065625 0.06796875
1 0.5703125 0.2515625 0.05078125 0.0828125
1 0.65703125 0.1984375 0.03828125 0.07109375
1 0.7234375 0.26328125 0.0421875 0.05625
1 0.84765625 0.36796875 0.0640625 0.08515625