1 0.390625 0.1125 0.0390625 0.05390625
1 0.42265625 0.175 0.040625 0.0515625
1 0.33046875 0.1625 0.06015625 0.07734375
1 0.27890625 0.22421875 0.05625 0.07578125
1 0.24765625 0.27890625 0.06796875 0.075
1 0.37890625 0.2546875 0.06953125 0.0890625
1 0.36328125 0.36328125 0.0703125 0.11953125
1 0.31328125 0.475 0.11875 0.221875
1 0.17578125 0.34375 0.06953125 0.17578125
1 0.4765625 0.20546875 0.0296875 0.0640625
1 0.5546875 0.2078125 0.0609375 0.05625
1 0.596875 0.2609375 0.065625 0.05625
1 0.6390625 0.1796875 0.034375 0.06328125
1 0.66796875 0.18671875 0.05078125 0.1171875
1 0.73515625 0.2734375 0.0421875 0.0671875
1 0.86328125 0.38515625 0.07734375 0.09609375