1 0.34609375 0.815625 0.28828125 0.36484375
1 0.24296875 0.4609375 0.14765625 0.22890625
1 0.40078125 0.20625 0.1125 0.24375
1 0.52890625 0.43046875 0.13359375 0.34921875
1 0.14765625 0.3484375 0.08046875 0.08671875
1 0.43984375 0.54375 0.171875 0.44296875
1 0.67578125 0.2890625 0.075 0.1828125
1 0.734375 0.303125 0.05234375 0.04296875
1 0.8203125 0.24140625 0.03515625 0.16171875
1 0.6765625 0.240625 0.04609375 0.08671875
1 0.85 0.3921875 0.08046875 0.0609375
1 0.4078125 0.490625 0.10703125 0.33359375