1 0.215625 0.45859375 0.12109375 0.14375
1 0.8515625 0.3671875 0.0625 0.06171875
1 0.740625 0.259375 0.06171875 0.06328125
1 0.6671875 0.1859375 0.04609375 0.07734375
1 0.5875 0.25 0.05 0.07578125
1 0.54921875 0.20703125 0.0359375 0.0828125
1 0.578125 0.10078125 0.046875 0.096875
1 0.4671875 0.19921875 0.03828125 0.103125
1 0.4078125 0.16015625 0.03515625 0.08125
1 0.121875 0.29765625 0.0671875 0.09375
1 0.309375 0.35234375 0.08828125 0.07890625
1 0.36640625 0.25390625 0.06640625 0.084375
1 0.2765625 0.2203125 0.04609375 0.071875
1 0.2390625 0.259375 0.0515625 0.059375
1 0.390625 0.2171875 0.04375 0.046875
1 0.28125 0.15390625 0.03984375 0.059375