1 0.375 0.3 0.0421875 0.0671875
1 0.36796875 0.88515625 0.24921875 0.2265625
1 0.2703125 0.41953125 0.0484375 0.03203125
1 0.4171875 0.39140625 0.0359375 0.04453125
1 0.80234375 0.54375 0.10234375 0.11484375
1 0.20625 0.56640625 0.14609375 0.23671875
1 0.4 0.4140625 0.053125 0.06953125
1 0.18046875 0.46328125 0.08359375 0.0953125
1 0.37265625 0.4921875 0.07734375 0.13359375
1 0.73125 0.43046875 0.05390625 0.071875
1 0.3109375 0.37421875 0.0421875 0.04921875
1 0.59296875 0.4203125 0.05625 0.08046875
1 0.68125 0.371875 0.05390625 0.090625
1 0.5796875 0.3796875 0.0484375 0.07109375
1 0.48984375 0.33203125 0.03046875 0.04296875
1 0.01953125 0.659375 0.0390625 0.27265625
1 0.434375 0.33515625 0.02890625 0.04375
1 0.5671875 0.3359375 0.01875 0.03984375
1 0.5578125 0.3546875 0.02890625 0.06875