1 0.25078125 0.484375 0.1265625 0.20078125
1 0.12734375 0.30859375 0.0859375 0.1296875
1 0.33828125 0.3625 0.08515625 0.0671875
1 0.24296875 0.27578125 0.090625 0.1
1 0.346875 0.2734375 0.053125 0.05
1 0.8640625 0.36640625 0.0828125 0.10703125
1 0.725 0.28828125 0.08515625 0.07890625
1 0.59609375 0.2875 0.0640625 0.059375
1 0.6734375 0.2109375 0.04765625 0.07578125
1 0.54375 0.22578125 0.05859375 0.06015625
1 0.478125 0.2015625 0.03125 0.09453125
1 0.43515625 0.1765625 0.02890625 0.06328125
1 0.58203125 0.12578125 0.07265625 0.0765625
1 0.37890625 0.13828125 0.03359375 0.08828125
1 0.3828125 0.2296875 0.04453125 0.06796875
1 0.28515625 0.21953125 0.04765625 0.10234375
1 0.296875 0.165625 0.0578125 0.078125