1 0.40859375 0.203125 0.0515625 0.0640625
1 0.3484375 0.27890625 0.04765625 0.05625
1 0.3046875 0.31015625 0.04609375 0.04296875
1 0.40625 0.33125 0.0296875 0.0328125
1 0.4078125 0.37890625 0.05078125 0.08046875
1 0.37265625 0.44921875 0.07265625 0.09453125
1 0.26953125 0.36484375 0.04375 0.05
1 0.146875 0.41875 0.05625 0.07109375
1 0.21171875 0.5140625 0.1265625 0.1875
1 0.24765625 0.91328125 0.21875 0.17265625
1 0.85 0.49296875 0.08984375 0.121875
1 0.7265625 0.39296875 0.07109375 0.05625
1 0.671875 0.30234375 0.08203125 0.121875
1 0.56796875 0.37109375 0.05234375 0.07890625
1 0.5765625 0.31484375 0.053125 0.07109375