1 0.2890625 0.51328125 0.11484375 0.22578125
1 0.22421875 0.87734375 0.14375 0.24375
1 0.34921875 0.49375 0.09921875 0.1828125
1 0.42578125 0.146875 0.0390625 0.07109375
1 0.9859375 0.5796875 0.0265625 0.29765625
1 0.3203125 0.32890625 0.04765625 0.06328125
1 0.68671875 0.334375 0.05 0.08984375
1 0.59921875 0.38203125 0.05703125 0.08515625
1 0.18359375 0.428125 0.08046875 0.1046875
1 0.81015625 0.4984375 0.1 0.11015625
1 0.57734375 0.34375 0.0453125 0.0765625
1 0.01015625 0.61484375 0.0109375 0.0390625
1 0.4 0.375 0.07109375 0.0515625
1 0.35390625 0.29921875 0.03671875 0.06796875