1 0.30703125 0.6609375 0.36953125 0.671875
1 0.37890625 0.5203125 0.20703125 0.46796875
1 0.7921875 0.4328125 0.1640625 0.2140625
1 0.49765625 0.33671875 0.15703125 0.23984375
1 0.1171875 0.31640625 0.09765625 0.09453125
1 0.47890625 0.27265625 0.07421875 0.2203125
1 0.72421875 0.265625 0.05234375 0.05546875
1 0.63515625 0.24921875 0.07734375 0.134375
1 0.67265625 0.20234375 0.05234375 0.08671875
1 0.2921875 0.22421875 0.08359375 0.06640625
1 0.27421875 0.21484375 0.04765625 0.046875
1 0.69765625 0.31875 0.10703125 0.16171875
1 0.43046875 0.19765625 0.04140625 0.09765625
1 0.834375 0.35859375 0.0796875 0.065625
1 0.34921875 0.25546875 0.05390625 0.05546875
1 0.23515625 0.259375 0.04296875 0.03046875