1 0.6921875 0.6953125 0.2453125 0.60390625
1 0.28828125 0.64609375 0.290625 0.70234375
1 0.340625 0.37109375 0.1640625 0.51015625
1 0.78671875 0.409375 0.15078125 0.42734375
1 0.18359375 0.175 0.14453125 0.3171875
1 0.12890625 0.42421875 0.1875 0.52265625
1 0.709375 0.18203125 0.10234375 0.31640625
1 0.51953125 0.309375 0.16015625 0.55625
1 0.89765625 0.67890625 0.203125 0.63671875
1 0.07578125 0.62421875 0.1515625 0.7453125
1 0.65859375 0.075 0.090625 0.15
1 0.18203125 0.9171875 0.253125 0.1625
1 0.6 0.5640625 0.1828125 0.86015625
1 0.54375 0.2015625 0.11328125 0.3375
1 0.07265625 0.078125 0.07890625 0.15625
1 0.021875 0.13203125 0.04296875 0.22578125
1 0.5328125 0.11875 0.10703125 0.2375
1 0.49921875 0.49921875 0.99453125 0.99453125