1 0.81328125 0.4625 0.07890625 0.06171875
1 0.740625 0.353125 0.05390625 0.07265625
1 0.68671875 0.29296875 0.0515625 0.09140625
1 0.58359375 0.34453125 0.05703125 0.08984375
1 0.16796875 0.38828125 0.0625 0.0984375
1 0.39375 0.33359375 0.05390625 0.06796875
1 0.30703125 0.29453125 0.0453125 0.0515625
1 0.36015625 0.4078125 0.07578125 0.121875
1 0.38828125 0.8375 0.2421875 0.31796875
1 0.575 0.3 0.05078125 0.06796875
1 0.02734375 0.56640625 0.05390625 0.278125
1 0.9671875 0.56484375 0.06171875 0.26796875
1 0.4125 0.31328125 0.03359375 0.04765625
1 0.56796875 0.38359375 0.08359375 0.23359375
1 0.24375 0.44453125 0.1375 0.2421875
1 0.721875 0.40625 0.10703125 0.1765625
1 0.44765625 0.1640625 0.07890625 0.14453125