1 0.08828125 0.246875 0.1265625 0.1765625
1 0.3578125 0.196875 0.08828125 0.15
1 0.18046875 0.065625 0.11953125 0.13046875
1 0.29296875 0.4765625 0.1125 0.284375
1 0.02109375 0.38125 0.0421875 0.31640625
1 0.21328125 0.91796875 0.1890625 0.1640625
1 0.71171875 0.5125 0.1046875 0.22265625
1 0.9515625 0.41953125 0.096875 0.2453125
1 0.81953125 0.22265625 0.08671875 0.209375
1 0.73203125 0.07109375 0.065625 0.1421875
1 0.60546875 0.22578125 0.0765625 0.18984375
1 0.5671875 0.05625 0.053125 0.1125
1 0.6609375 0.03828125 0.0484375 0.07578125