1 0.6015625 0.065625 0.0703125 0.13125
1 0.6796875 0.03515625 0.028125 0.0703125
1 0.7484375 0.1921875 0.0421875 0.09296875
1 0.6796875 0.25390625 0.0546875 0.08046875
1 0.89296875 0.48359375 0.21328125 0.55546875
1 0.48125 0.2453125 0.12421875 0.30234375
1 0.41484375 0.22421875 0.05078125 0.1171875
1 0.421875 0.109375 0.0421875 0.06171875
1 0.371875 0.03671875 0.03125 0.0734375
1 0.32890625 0.1046875 0.0390625 0.0984375
1 0.31328125 0.23828125 0.0453125 0.15859375
1 0.14453125 0.43828125 0.07890625 0.1546875
1 0.29765625 0.7578125 0.11328125 0.32578125
1 0.046875 0.7609375 0.09375 0.315625