1 0.94453125 0.7078125 0.10859375 0.5796875
1 0.53515625 0.47109375 0.13828125 0.3609375
1 0.4203125 0.58671875 0.11953125 0.46484375
1 0.3328125 0.8328125 0.28515625 0.3296875
1 0.21875 0.49375 0.1546875 0.2296875
1 0.3671875 0.2359375 0.13125 0.228125
1 0.1703125 0.3875 0.0921875 0.09296875
1 0.70390625 0.3953125 0.10859375 0.1609375
1 0.675 0.278125 0.05078125 0.08828125
1 0.45546875 0.34296875 0.04296875 0.1609375
1 0.73125 0.34296875 0.05390625 0.05546875
1 0.8375 0.3546875 0.07578125 0.20703125
1 0.85 0.43125 0.08359375 0.0765625
1 0.80703125 0.50703125 0.17109375 0.22734375
1 0.2984375 0.2859375 0.03671875 0.053125
1 0.6671875 0.3 0.0765625 0.13125