1 0.28828125 0.20390625 0.08515625 0.15
1 0.17734375 0.35078125 0.09921875 0.171875
1 0.425 0.35 0.0859375 0.18125
1 0.31953125 0.54921875 0.10078125 0.26015625
1 0.06640625 0.46484375 0.13203125 0.32890625
1 0.3265625 0.071875 0.05703125 0.09453125
1 0.7796875 0.73359375 0.11015625 0.246875
1 0.8921875 0.48203125 0.0671875 0.15859375
1 0.8078125 0.31015625 0.059375 0.13828125
1 0.68203125 0.4265625 0.04921875 0.14296875
1 0.6703125 0.27265625 0.05390625 0.09609375
1 0.77421875 0.20078125 0.0484375 0.08515625
1 0.64375 0.12890625 0.04921875 0.08515625
1 0.58359375 0.109375 0.0453125 0.09296875
1 0.71875 0.1171875 0.0421875 0.090625