1 0.34296875 0.1046875 0.059375 0.10078125
1 0.39140625 0.13125 0.03671875 0.05234375
1 0.43203125 0.16640625 0.03515625 0.06796875
1 0.5 0.18203125 0.06015625 0.09609375
1 0.38359375 0.228125 0.04765625 0.04453125
1 0.3796875 0.26328125 0.0484375 0.06171875
1 0.34453125 0.31484375 0.059375 0.1
1 0.2875 0.21015625 0.0515625 0.0734375
1 0.2578125 0.26875 0.04609375 0.0671875
1 0.15625 0.3265625 0.090625 0.121875
1 0.2703125 0.43046875 0.10859375 0.196875
1 0.19765625 0.8625 0.2265625 0.275
1 0.57265625 0.1984375 0.0234375 0.04453125
1 0.5546875 0.20625 0.040625 0.03515625
1 0.5875 0.2703125 0.06015625 0.07578125
1 0.64921875 0.19453125 0.0328125 0.04296875
1 0.67578125 0.20234375 0.05078125 0.090625
1 0.73515625 0.27109375 0.07265625 0.08828125
1 0.821875 0.3625 0.0703125 0.12734375
1 0.96875 0.496875 0.06171875 0.22421875