1 0.4 0.13515625 0.2015625 0.259375
1 0.05703125 0.70390625 0.11328125 0.59140625
1 0.2671875 0.215625 0.0546875 0.07421875
1 0.7609375 0.15703125 0.0671875 0.06015625
1 0.8640625 0.221875 0.08125 0.08515625
1 0.2546875 0.409375 0.140625 0.2046875
1 0.16640625 0.29296875 0.10234375 0.13984375
1 0.7328125 0.46796875 0.278125 0.4546875
1 0.6453125 0.13125 0.0484375 0.14375
1 0.0359375 0.496875 0.071875 0.20703125
1 0.27734375 0.2671875 0.0734375 0.1875
1 0.76484375 0.22578125 0.090625 0.08515625
1 0.6515625 0.415625 0.1140625 0.20625
1 0.675 0.2609375 0.07109375 0.11875
1 0.509375 0.05 0.07734375 0.09765625