1 0.45390625 0.096875 0.1140625 0.175
1 0.60078125 0.11640625 0.084375 0.1828125
1 0.75625 0.22421875 0.0484375 0.0484375
1 0.65390625 0.32578125 0.0875 0.11015625
1 0.86640625 0.2921875 0.0890625 0.08515625
1 0.78125 0.43359375 0.1328125 0.21171875
1 0.97734375 0.4453125 0.0453125 0.24375
1 0.2546875 0.47109375 0.1546875 0.19296875
1 0.16171875 0.3296875 0.07734375 0.12109375
1 0.26640625 0.25078125 0.0390625 0.06328125
1 0.3046875 0.2171875 0.03828125 0.04609375
1 0.03046875 0.5875 0.0609375 0.33203125