1 0.265625 0.41875 0.12265625 0.28515625
1 0.6875 0.52265625 0.10859375 0.27265625
1 0.96015625 0.5015625 0.0796875 0.30390625
1 0.78515625 0.29140625 0.08828125 0.2234375
1 0.72578125 0.11953125 0.05859375 0.15546875
1 0.590625 0.23984375 0.08984375 0.20859375
1 0.553125 0.11171875 0.06640625 0.16328125
1 0.346875 0.196875 0.08125 0.209375
1 0.06640625 0.246875 0.11484375 0.19453125
1 0.0171875 0.3703125 0.034375 0.29765625
1 0.2015625 0.09140625 0.06171875 0.14140625
1 0.68125 0.028125 0.03203125 0.05546875
1 0.17734375 0.91171875 0.20546875 0.1765625