1 0.46953125 0.17734375 0.2 0.3390625
1 0.575 0.1703125 0.121875 0.29296875
1 0.29765625 0.35234375 0.03671875 0.06171875
1 0.28203125 0.41328125 0.05234375 0.096875
1 0.1640625 0.45859375 0.13515625 0.16796875
1 0.2578125 0.60390625 0.1234375 0.24921875
1 0.0515625 0.70390625 0.10234375 0.246875
1 0.78046875 0.57109375 0.1484375 0.23359375
1 0.671875 0.45 0.0734375 0.121875
1 0.7578125 0.3578125 0.06875 0.11953125
1 0.684375 0.35546875 0.05546875 0.08046875
1 0.68125 0.28984375 0.0390625 0.071875
1 0.86484375 0.4546875 0.08515625 0.10390625
1 0.9703125 0.62109375 0.059375 0.3890625