1 0.7203125 0.6859375 0.23515625 0.621875
1 0.321875 0.64921875 0.29296875 0.69375
1 0.175 0.409375 0.18828125 0.42890625
1 0.39453125 0.3953125 0.15546875 0.54375
1 0.82265625 0.41640625 0.159375 0.44453125
1 0.096875 0.6453125 0.19296875 0.7015625
1 0.75078125 0.19609375 0.10234375 0.3328125
1 0.25703125 0.18671875 0.09453125 0.28046875
1 0.6328125 0.56640625 0.18515625 0.86015625
1 0.91953125 0.62890625 0.15859375 0.4703125
1 0.5484375 0.29765625 0.13671875 0.55
1 0.70234375 0.0796875 0.0890625 0.159375
1 0.29609375 0.0765625 0.09921875 0.15234375
1 0.2171875 0.9328125 0.196875 0.13046875
1 0.49921875 0.49921875 0.99453125 0.99453125
1 0.5 0.18828125 0.08828125 0.3765625