1 0.39609375 0.55625 0.1703125 0.4625
1 0.2796875 0.9109375 0.32421875 0.1734375
1 0.35859375 0.1953125 0.11171875 0.20703125
1 0.48828125 0.4015625 0.0734375 0.41484375
1 0.13125 0.3578125 0.08984375 0.0984375
1 0.8296875 0.39609375 0.07890625 0.06640625
1 0.67265625 0.31875 0.07421875 0.23515625
1 0.45390625 0.56640625 0.903125 0.85625
1 0.23984375 0.6 0.18671875 0.48828125
1 0.16640625 0.6765625 0.33203125 0.63671875
1 0.73046875 0.3015625 0.0484375 0.034375
1 0.67109375 0.2453125 0.046875 0.0875
1 0.4890625 0.29765625 0.06953125 0.20625
1 0.31484375 0.675 0.334375 0.640625