1 0.7921875 0.515625 0.13515625 0.1796875
1 0.978125 0.575 0.04296875 0.23125
1 0.6171875 0.21171875 0.04140625 0.071875
1 0.28515625 0.37734375 0.07421875 0.090625
1 0.85703125 0.409375 0.08046875 0.0953125
1 0.04140625 0.75859375 0.0828125 0.471875
1 0.178125 0.4484375 0.1046875 0.12890625
1 0.671875 0.4375 0.08203125 0.12890625
1 0.2625 0.56796875 0.1234375 0.20078125
1 0.75078125 0.4203125 0.10703125 0.10234375
1 0.746875 0.3390625 0.06796875 0.06796875
1 0.503125 0.1546875 0.14921875 0.2546875