1 0.378125 0.11328125 0.0859375 0.0984375
1 0.4359375 0.184375 0.05703125 0.125
1 0.30859375 0.23671875 0.07109375 0.06328125
1 0.3984375 0.259375 0.03828125 0.04609375
1 0.396875 0.30390625 0.0875 0.08046875
1 0.37734375 0.384375 0.06328125 0.12890625
1 0.2671875 0.303125 0.053125 0.09453125
1 0.15234375 0.365625 0.1015625 0.140625
1 0.23046875 0.43203125 0.18515625 0.17890625
1 0.3546875 0.82890625 0.27265625 0.31875
1 0.57109375 0.26875 0.04921875 0.10625
1 0.603125 0.33125 0.07890625 0.08671875
1 0.6828125 0.2515625 0.05546875 0.09296875
1 0.65078125 0.234375 0.040625 0.0515625
1 0.734375 0.30546875 0.0734375 0.10859375
1 0.88515625 0.4421875 0.1078125 0.20234375
1 0.978125 0.49921875 0.04296875 0.24921875