1 0.2203125 0.4359375 0.12109375 0.14453125
1 0.13671875 0.296875 0.0734375 0.11015625
1 0.4140625 0.390625 0.0734375 0.11796875
1 0.7890625 0.35859375 0.090625 0.09609375
1 0.73046875 0.2734375 0.06796875 0.0765625
1 0.575 0.24375 0.059375 0.0765625
1 0.6859375 0.2015625 0.05078125 0.08984375
1 0.55859375 0.190625 0.04140625 0.0578125
1 0.47421875 0.20078125 0.034375 0.05546875
1 0.415625 0.165625 0.05078125 0.0734375
1 0.5984375 0.09609375 0.0625 0.06640625
1 0.33046875 0.13984375 0.04921875 0.05859375
1 0.2828125 0.2140625 0.0546875 0.06875
1 0.25703125 0.259375 0.04296875 0.04375
1 0.36953125 0.2515625 0.0546875 0.053125
1 0.3921875 0.21328125 0.05078125 0.03515625
1 0.35703125 0.09375 0.01796875 0.03046875