1 0.61015625 0.203125 0.04375 0.0828125
1 0.6796875 0.2859375 0.0484375 0.06171875
1 0.75859375 0.334375 0.04296875 0.06171875
1 0.55390625 0.13046875 0.07734375 0.1375
1 0.41953125 0.1375 0.1484375 0.1984375
1 0.30078125 0.3734375 0.06953125 0.11171875
1 0.1578125 0.44140625 0.08515625 0.115625
1 0.24453125 0.6 0.115625 0.24140625
1 0.80390625 0.53671875 0.1953125 0.278125
1 0.6546875 0.43203125 0.06953125 0.13359375
1 0.6171875 0.32890625 0.0609375 0.08828125
1 0.8921875 0.4625 0.15390625 0.18359375
1 0.96328125 0.54375 0.07265625 0.23671875