1 0.73046875 0.69453125 0.25078125 0.60546875
1 0.39375 0.38203125 0.20078125 0.56171875
1 0.1671875 0.41640625 0.19609375 0.48515625
1 0.334375 0.65 0.26171875 0.69296875
1 0.1015625 0.63046875 0.20234375 0.73125
1 0.9171875 0.68671875 0.16328125 0.62109375
1 0.81953125 0.32421875 0.14921875 0.28671875
1 0.75625 0.1859375 0.10078125 0.3265625
1 0.24375 0.165625 0.1109375 0.3015625
1 0.70390625 0.06953125 0.0890625 0.1390625
1 0.246875 0.90703125 0.2203125 0.18203125
1 0.64375 0.565625 0.17890625 0.859375
1 0.584375 0.234375 0.1359375 0.33984375
1 0.49921875 0.49921875 0.9953125 0.9953125
1 0.575 0.4 0.15859375 0.67265625
1 0.57421875 0.11875 0.13203125 0.2375