1 0.67734375 0.71015625 0.24453125 0.57421875
1 0.12734375 0.3796875 0.184375 0.46171875
1 0.25859375 0.64140625 0.29765625 0.709375
1 0.7203125 0.21484375 0.10859375 0.3375
1 0.59296875 0.4046875 0.184375 0.4953125
1 0.2109375 0.146875 0.11953125 0.2828125
1 0.365625 0.3921875 0.14609375 0.54609375
1 0.56171875 0.209375 0.14453125 0.35859375
1 0.6703125 0.090625 0.096875 0.18125
1 0.78046875 0.37890625 0.14453125 0.33984375
1 0.56171875 0.0859375 0.11328125 0.171875
1 0.07734375 0.61875 0.15390625 0.75390625
1 0.265625 0.075 0.1015625 0.15
1 0.471875 0.11015625 0.08671875 0.21953125
1 0.5 0.49921875 0.99296875 0.99453125
1 0.80390625 0.6453125 0.38984375 0.52578125