1 0.4125 0.271875 0.0859375 0.1859375
1 0.2390625 0.15546875 0.09453125 0.15234375
1 0.15234375 0.30703125 0.115625 0.1859375
1 0.31953125 0.51953125 0.1078125 0.26953125
1 0.05078125 0.4640625 0.1015625 0.28828125
1 0.77890625 0.5828125 0.10078125 0.24921875
1 0.85390625 0.3328125 0.0703125 0.14921875
1 0.64453125 0.303125 0.05859375 0.13125
1 0.765625 0.15078125 0.06015625 0.11640625
1 0.61484375 0.14765625 0.06015625 0.11015625
1 0.7421875 0.059375 0.06171875 0.10390625
1 0.61015625 0.0375 0.0546875 0.075
1 0.28046875 0.0328125 0.06328125 0.065625
1 0.5390625 0.03359375 0.05546875 0.0671875
1 0.671875 0.02265625 0.05234375 0.0453125