1 0.71328125 0.69609375 0.25234375 0.603125
1 0.31171875 0.6578125 0.2984375 0.678125
1 0.809375 0.4109375 0.14140625 0.43125
1 0.15546875 0.40703125 0.19296875 0.46015625
1 0.6265625 0.5671875 0.17890625 0.85546875
1 0.7453125 0.19296875 0.11015625 0.321875
1 0.90859375 0.6484375 0.18125 0.59453125
1 0.22265625 0.18046875 0.13515625 0.30703125
1 0.384375 0.478125 0.2 0.74609375
1 0.69296875 0.07734375 0.0984375 0.1546875
1 0.55078125 0.4515625 0.1421875 0.84765625
1 0.0578125 0.784375 0.115625 0.42578125
1 0.56328125 0.2171875 0.11328125 0.3765625
1 0.1828125 0.93828125 0.18515625 0.1203125
1 0.5 0.5 0.99375 0.99453125
1 0.5703125 0.0234375 0.09296875 0.046875