1 0.6125 0.2109375 0.059375 0.09296875
1 0.67421875 0.34921875 0.04375 0.08125
1 0.7578125 0.36875 0.08359375 0.06796875
1 0.55703125 0.134375 0.078125 0.13515625
1 0.46015625 0.1140625 0.1328125 0.228125
1 0.7734375 0.5640625 0.1328125 0.27734375
1 0.65703125 0.47265625 0.07421875 0.1046875
1 0.8375 0.43359375 0.05078125 0.08125
1 0.96796875 0.5734375 0.0640625 0.17578125
1 0.27265625 0.38828125 0.05078125 0.0890625
1 0.3078125 0.36328125 0.03359375 0.08515625
1 0.26015625 0.5921875 0.09453125 0.20234375
1 0.18125 0.44296875 0.14296875 0.16640625
1 0.03671875 0.6453125 0.0734375 0.16953125