1 0.87890625 0.54921875 0.2421875 0.9015625
1 0.70859375 0.3 0.0703125 0.1140625
1 0.65390625 0.2125 0.03828125 0.0734375
1 0.50546875 0.18125 0.06875 0.1890625
1 0.59609375 0.075 0.0265625 0.065625
1 0.4703125 0.13359375 0.10390625 0.19140625
1 0.39453125 0.0640625 0.03203125 0.03828125
1 0.33515625 0.06640625 0.0390625 0.0484375
1 0.32421875 0.128125 0.04296875 0.071875
1 0.39140625 0.13046875 0.0421875 0.08046875
1 0.37734375 0.19140625 0.0390625 0.07578125
1 0.23359375 0.27890625 0.07109375 0.10078125
1 0.359375 0.5140625 0.08203125 0.1953125
1 0.11328125 0.46640625 0.1078125 0.165625
1 0.25859375 0.77890625 0.115625 0.2140625