1 0.29375 0.6640625 0.3859375 0.66640625
1 0.3890625 0.525 0.16484375 0.440625
1 0.4765625 0.3234375 0.08203125 0.28984375
1 0.8484375 0.359375 0.08359375 0.0828125
1 0.6703125 0.209375 0.05078125 0.0890625
1 0.32421875 0.20390625 0.040625 0.17109375
1 0.72578125 0.27421875 0.05234375 0.05625
1 0.4234375 0.2359375 0.06640625 0.14609375
1 0.2765625 0.22421875 0.04609375 0.04765625
1 0.59296875 0.2640625 0.0546875 0.0671875
1 0.13515625 0.32265625 0.08359375 0.09375
1 0.8046875 0.43359375 0.1734375 0.23125
1 0.78359375 0.290625 0.03203125 0.0625
1 0.36796875 0.2625 0.06171875 0.06640625
1 0.57421875 0.4078125 0.14609375 0.35390625
1 0.39453125 0.3828125 0.11484375 0.31171875
1 0.240625 0.265625 0.05078125 0.03828125
1 0.54140625 0.22578125 0.046875 0.0765625
1 0.52421875 0.3296875 0.08203125 0.284375
1 0.43671875 0.30234375 0.09375 0.2796875