1 0.43984375 0.3265625 0.02890625 0.0828125
1 0.50625 0.29765625 0.05390625 0.0671875
1 0.36171875 0.2515625 0.05234375 0.075
1 0.30546875 0.35703125 0.05859375 0.06796875
1 0.40703125 0.36953125 0.0375 0.040625
1 0.39453125 0.39609375 0.06953125 0.0328125
1 0.359375 0.48515625 0.06328125 0.13515625
1 0.165625 0.4453125 0.06328125 0.0734375
1 0.2875 0.57734375 0.1203125 0.175
1 0.034375 0.61640625 0.06796875 0.121875
1 0.2390625 0.90390625 0.134375 0.1921875
1 0.5890625 0.41328125 0.040625 0.05390625
1 0.58828125 0.371875 0.075 0.07109375
1 0.6796875 0.35078125 0.03828125 0.05
1 0.70625 0.37578125 0.05546875 0.07578125
1 0.75625 0.4296875 0.05078125 0.07734375
1 0.80546875 0.53046875 0.0578125 0.10234375