1 0.72421875 0.69921875 0.2484375 0.5953125
1 0.16640625 0.39296875 0.18671875 0.4640625
1 0.09140625 0.62421875 0.1828125 0.74453125
1 0.228125 0.1578125 0.13671875 0.309375
1 0.30546875 0.65234375 0.284375 0.6875
1 0.7453125 0.16875 0.09921875 0.31875
1 0.1890625 0.90859375 0.1984375 0.17890625
1 0.81640625 0.3296875 0.15390625 0.30625
1 0.69375 0.0671875 0.08203125 0.134375
1 0.6359375 0.5625 0.18046875 0.86796875
1 0.55859375 0.29140625 0.15 0.58125
1 0.36640625 0.509375 0.19765625 0.7625
1 0.925 0.66171875 0.14765625 0.67265625
1 0.82265625 0.66328125 0.35234375 0.6671875
1 0.1328125 0.0828125 0.06484375 0.15703125
1 0.5875 0.2140625 0.13125 0.38359375
1 0.5859375 0.42734375 0.13671875 0.8140625
1 0.56640625 0.0875 0.10234375 0.175
1 0.49921875 0.49921875 0.99453125 0.9953125