1 0.7078125 0.15078125 0.3328125 0.278125
1 0.51171875 0.06171875 0.08359375 0.11796875
1 0.43203125 0.034375 0.0546875 0.05
1 0.359375 0.02734375 0.0390625 0.05
1 0.434375 0.0984375 0.05859375 0.07578125
1 0.40234375 0.184375 0.053125 0.07734375
1 0.3375 0.10703125 0.0671875 0.10078125
1 0.3203125 0.23203125 0.0625 0.08515625
1 0.40078125 0.43984375 0.1234375 0.16796875
1 0.271875 0.6953125 0.1328125 0.21640625
1 0.1703125 0.44296875 0.1609375 0.221875
1 0.81796875 0.43671875 0.090625 0.16171875