1 0.27890625 0.10703125 0.08125 0.11796875
1 0.20625 0.27109375 0.0875 0.16953125
1 0.45859375 0.2359375 0.07265625 0.16953125
1 0.4234375 0.5375 0.12890625 0.27265625
1 0.06171875 0.41796875 0.1234375 0.27578125
1 0.8234375 0.54453125 0.10390625 0.24296875
1 0.925 0.2953125 0.0875 0.15625
1 0.7125 0.2640625 0.0796875 0.16640625
1 0.82109375 0.1125 0.0578125 0.11328125
1 0.67734375 0.0984375 0.059375 0.11171875
1 0.79375 0.02109375 0.06015625 0.0421875
1 0.67109375 0.015625 0.05546875 0.03125
1 0.3296875 0.0125 0.059375 0.025