1 0.39375 0.36484375 0.06875 0.184375
1 0.2109375 0.22421875 0.078125 0.10625
1 0.128125 0.3890625 0.09609375 0.159375
1 0.29765625 0.57265625 0.11328125 0.225
1 0.04140625 0.5203125 0.08203125 0.30078125
1 0.753125 0.67421875 0.08828125 0.19765625
1 0.95625 0.615625 0.0875 0.225
1 0.834375 0.421875 0.07890625 0.15234375
1 0.62734375 0.37890625 0.0625 0.12109375
1 0.75546875 0.24609375 0.053125 0.1046875
1 0.6265625 0.240625 0.05546875 0.10625
1 0.27890625 0.084375 0.05078125 0.1015625
1 0.51640625 0.06171875 0.0625 0.11484375
1 0.59453125 0.0984375 0.04140625 0.096875
1 0.72421875 0.15234375 0.0609375 0.10625
1 0.64765625 0.0734375 0.053125 0.10546875
1 0.321875 0.03984375 0.0421875 0.07890625
1 0.40078125 0.03984375 0.05703125 0.071875