1 0.23828125 0.08125 0.07890625 0.125
1 0.128125 0.246875 0.10546875 0.16171875
1 0.375 0.2203125 0.10859375 0.20859375
1 0.03984375 0.4078125 0.0796875 0.2703125
1 0.3859375 0.5421875 0.1234375 0.29765625
1 0.27890625 0.91484375 0.26640625 0.1703125
1 0.77734375 0.54140625 0.0734375 0.2328125
1 0.86328125 0.26875 0.08515625 0.1546875
1 0.79296875 0.0984375 0.06953125 0.1328125
1 0.6734375 0.24453125 0.07421875 0.14609375
1 0.6375 0.12578125 0.06796875 0.09296875
1 0.73984375 0.02734375 0.06484375 0.0546875
1 0.60390625 0.02734375 0.0453125 0.0546875