1 0.2828125 0.3953125 0.078125 0.16953125
1 0.1359375 0.328125 0.09921875 0.09453125
1 0.3640625 0.35546875 0.06328125 0.11328125
1 0.809375 0.359375 0.1234375 0.11015625
1 0.734375 0.28828125 0.08671875 0.09765625
1 0.55 0.2578125 0.05 0.078125
1 0.66484375 0.21640625 0.06171875 0.06484375
1 0.47890625 0.17734375 0.03828125 0.07734375
1 0.428125 0.1546875 0.02578125 0.0515625
1 0.3921875 0.12265625 0.04453125 0.06875
1 0.33359375 0.1546875 0.0421875 0.06015625
1 0.27890625 0.215625 0.05234375 0.04453125
1 0.38203125 0.26484375 0.0546875 0.05
1 0.40078125 0.22421875 0.0515625 0.0390625
1 0.5453125 0.20078125 0.0453125 0.04765625
1 0.56953125 0.09765625 0.03515625 0.04375