1 0.38828125 0.1703125 0.0375 0.06171875
1 0.3265625 0.2484375 0.03203125 0.06328125
1 0.30703125 0.30625 0.04765625 0.05546875
1 0.38359375 0.296875 0.04921875 0.0234375
1 0.403125 0.34375 0.05703125 0.07109375
1 0.3375 0.42578125 0.071875 0.10234375
1 0.24140625 0.35390625 0.05703125 0.04609375
1 0.1671875 0.41875 0.090625 0.13125
1 0.21875 0.534375 0.140625 0.24453125
1 0.0203125 0.590625 0.03984375 0.215625
1 0.31640625 0.87109375 0.3234375 0.25703125
1 0.78125 0.47734375 0.06796875 0.075
1 0.959375 0.5515625 0.08046875 0.21875
1 0.73046875 0.34609375 0.0421875 0.04609375
1 0.678125 0.29765625 0.0640625 0.071875
1 0.63828125 0.271875 0.0359375 0.0390625
1 0.55703125 0.35703125 0.05546875 0.084375
1 0.5484375 0.303125 0.04296875 0.04765625
1 0.46484375 0.36640625 0.06640625 0.17890625