1 0.9671875 0.53671875 0.065625 0.20625
1 0.55859375 0.09296875 0.1109375 0.1859375
1 0.17890625 0.43359375 0.10078125 0.1328125
1 0.0390625 0.678125 0.078125 0.28125
1 0.64765625 0.59609375 0.1203125 0.20625
1 0.840625 0.42109375 0.078125 0.096875
1 0.6109375 0.4578125 0.059375 0.13671875
1 0.69609375 0.38984375 0.05859375 0.0671875
1 0.26953125 0.38984375 0.05234375 0.06953125
1 0.77265625 0.53203125 0.16015625 0.2203125
1 0.26484375 0.54609375 0.1046875 0.15
1 0.7515625 0.35546875 0.0640625 0.06171875
1 0.46484375 0.13046875 0.1546875 0.25859375