1 0.25 0.93125 0.20625 0.1375
1 0.04765625 0.50234375 0.0953125 0.209375
1 0.15078125 0.28125 0.096875 0.1421875
1 0.3703125 0.48515625 0.1859375 0.24765625
1 0.746875 0.51796875 0.11640625 0.18515625
1 0.98046875 0.4953125 0.0390625 0.18046875
1 0.8515625 0.2765625 0.07265625 0.125
1 0.68046875 0.26328125 0.090625 0.15390625
1 0.58984375 0.0828125 0.046875 0.08203125
1 0.77265625 0.0875 0.05546875 0.11953125
1 0.3703125 0.23359375 0.0703125 0.1671875
1 0.253125 0.13359375 0.08203125 0.1296875
1 0.3 0.02890625 0.05625 0.0578125
1 0.73515625 0.01953125 0.0546875 0.0390625