1 0.84375 0.46171875 0.08359375 0.07421875
1 0.2953125 0.70625 0.36953125 0.58203125
1 0.53203125 0.5015625 0.13828125 0.35390625
1 0.3921875 0.6109375 0.1765625 0.47421875
1 0.70390625 0.42421875 0.1078125 0.1625
1 0.1375 0.41484375 0.08671875 0.0953125
1 0.9140625 0.2765625 0.0421875 0.08515625
1 0.39765625 0.271875 0.11640625 0.23515625
1 0.73125 0.371875 0.05234375 0.05859375
1 0.9125 0.34375 0.04609375 0.2203125
1 0.01484375 0.60859375 0.0296875 0.1609375
1 0.67265625 0.3078125 0.04765625 0.08671875
1 0.2515625 0.36640625 0.0484375 0.0296875
1 0.2265625 0.91796875 0.30234375 0.16015625
1 0.809375 0.5359375 0.153125 0.22421875
1 0.1453125 0.340625 0.04375 0.07109375