1 0.34921875 0.1265625 0.05546875 0.10078125
1 0.38515625 0.12265625 0.02578125 0.0515625
1 0.43984375 0.1671875 0.05234375 0.08515625
1 0.5 0.20390625 0.05234375 0.07890625
1 0.56171875 0.20859375 0.0484375 0.06015625
1 0.584375 0.2828125 0.07109375 0.15859375
1 0.6578125 0.196875 0.0296875 0.05
1 0.67890625 0.2 0.04453125 0.10859375
1 0.7359375 0.2828125 0.0390625 0.09296875
1 0.8546875 0.39609375 0.06875 0.13515625
1 0.39296875 0.26484375 0.03671875 0.06953125
1 0.39296875 0.21796875 0.0421875 0.04765625
1 0.2734375 0.2171875 0.04609375 0.05390625
1 0.26015625 0.284375 0.03828125 0.08515625
1 0.31328125 0.353125 0.0671875 0.1
1 0.13515625 0.33515625 0.0953125 0.10859375
1 0.2515625 0.49921875 0.18671875 0.271875
1 0.03203125 0.51640625 0.0640625 0.2171875
1 0.3703125 0.87421875 0.32421875 0.25078125
1 0.97734375 0.52734375 0.0453125 0.11015625