1 0.72734375 0.675 0.25078125 0.6453125
1 0.16796875 0.3625 0.20078125 0.4421875
1 0.096875 0.603125 0.19296875 0.78515625
1 0.81796875 0.3046875 0.14375 0.35
1 0.39296875 0.34375 0.15390625 0.53828125
1 0.75 0.159375 0.1140625 0.31875
1 0.63046875 0.4375 0.184375 0.7
1 0.2328125 0.134375 0.128125 0.26875
1 0.30703125 0.6234375 0.2890625 0.734375
1 0.91796875 0.5796875 0.1625 0.55703125
1 0.24921875 0.89375 0.2453125 0.20703125
1 0.81796875 0.58671875 0.36171875 0.56796875
1 0.5453125 0.4078125 0.1453125 0.815625
1 0.9171875 0.8921875 0.1640625 0.21171875
1 0.49921875 0.4984375 0.99609375 0.9953125
1 0.5671875 0.17578125 0.096875 0.3515625