1 0.25 0.475 0.12734375 0.23203125
1 0.1328125 0.33828125 0.1 0.15625
1 0.23359375 0.26953125 0.053125 0.0734375
1 0.378125 0.2921875 0.08203125 0.078125
1 0.2890625 0.2390625 0.06171875 0.0859375
1 0.31484375 0.16171875 0.04453125 0.1015625
1 0.853125 0.3734375 0.09375 0.103125
1 0.59921875 0.27734375 0.06015625 0.0859375
1 0.7453125 0.2984375 0.0921875 0.121875
1 0.665625 0.2375 0.0453125 0.11484375
1 0.5453125 0.234375 0.04609375 0.06875
1 0.4625 0.209375 0.02890625 0.08671875
1 0.41953125 0.190625 0.03515625 0.09453125
1 0.3171875 0.16328125 0.06953125 0.06796875
1 0.56875 0.14921875 0.04140625 0.140625
1 0.38046875 0.13203125 0.046875 0.07890625
1 0.35 0.37890625 0.1375 0.1328125