1 0.85625 0.24765625 0.0796875 0.0765625
1 0.4 0.2140625 0.2078125 0.3828125
1 0.65703125 0.2828125 0.078125 0.121875
1 0.646875 0.153125 0.0484375 0.12578125
1 0.2390625 0.4375 0.1578125 0.21015625
1 0.8484375 0.50859375 0.2375 0.12265625
1 0.7984375 0.13828125 0.03125 0.146875
1 0.8484375 0.6265625 0.29140625 0.6984375
1 0.7390625 0.18671875 0.06015625 0.059375
1 0.64140625 0.4046875 0.11328125 0.3609375
1 0.7546875 0.2546875 0.1171875 0.0921875
1 0.11796875 0.3265625 0.015625 0.07734375
1 0.2609375 0.24140625 0.04765625 0.06171875
1 0.5359375 0.05 0.07734375 0.09921875
1 0.03984375 0.53203125 0.0796875 0.25234375