1 0.340625 0.6765625 0.30234375 0.64140625
1 0.47578125 0.3140625 0.0859375 0.2125
1 0.6640625 0.22421875 0.05625 0.08671875
1 0.3328125 0.221875 0.0515625 0.17109375
1 0.3875 0.54453125 0.19140625 0.4546875
1 0.128125 0.346875 0.0859375 0.084375
1 0.53125 0.40703125 0.12421875 0.34765625
1 0.71171875 0.2828125 0.05390625 0.071875
1 0.69140625 0.33515625 0.09453125 0.1765625
1 0.4265625 0.221875 0.05859375 0.13046875
1 0.7984375 0.459375 0.16484375 0.21015625
1 0.2671875 0.18359375 0.03046875 0.0734375
1 0.27578125 0.24296875 0.04765625 0.0421875
1 0.390625 0.1828125 0.034375 0.125
1 0.83984375 0.3859375 0.08203125 0.06171875
1 0.3953125 0.425 0.11484375 0.34921875
1 0.175 0.653125 0.34921875 0.68828125