1 0.86328125 0.6890625 0.27109375 0.615625
1 0.65390625 0.66875 0.24453125 0.65625
1 0.31875 0.3734375 0.15625 0.5359375
1 0.26484375 0.6453125 0.28203125 0.70390625
1 0.09453125 0.38828125 0.1875 0.51015625
1 0.7296875 0.35234375 0.14140625 0.43203125
1 0.66875 0.1578125 0.11484375 0.315625
1 0.16640625 0.18515625 0.10234375 0.29296875
1 0.17265625 0.93671875 0.18828125 0.121875
1 0.49921875 0.403125 0.11953125 0.80625
1 0.065625 0.7453125 0.13046875 0.50390625
1 0.4984375 0.20703125 0.115625 0.4140625
1 0.20546875 0.078125 0.103125 0.15625
1 0.5609375 0.5515625 0.17890625 0.88359375
1 0.60625 0.0578125 0.0859375 0.11484375
1 0.49921875 0.49921875 0.99609375 0.99609375
1 0.41953125 0.1671875 0.10078125 0.33359375