1 0.28203125 0.634375 0.16484375 0.31953125
1 0.78515625 0.54296875 0.10859375 0.26640625
1 0.190625 0.909375 0.23125 0.178125
1 0.03828125 0.38046875 0.0765625 0.3640625
1 0.13046875 0.25546875 0.10703125 0.23828125
1 0.22109375 0.08203125 0.0796875 0.1640625
1 0.3515625 0.21875 0.103125 0.20859375
1 0.6609375 0.246875 0.08046875 0.22109375
1 0.840625 0.26171875 0.0859375 0.18828125
1 0.784375 0.0875 0.06015625 0.1515625
1 0.62265625 0.096875 0.08359375 0.159375
1 0.7390625 0.025 0.06328125 0.05
1 0.60546875 0.01484375 0.0515625 0.0296875