1 0.19921875 0.1 0.0796875 0.1515625
1 0.14296875 0.29453125 0.1265625 0.23125
1 0.34765625 0.21328125 0.071875 0.17578125
1 0.3265625 0.48515625 0.096875 0.28515625
1 0.034375 0.4203125 0.06875 0.2703125
1 0.76953125 0.53671875 0.13046875 0.23515625
1 0.9625 0.47265625 0.075 0.21328125
1 0.84453125 0.2859375 0.0828125 0.1515625
1 0.68984375 0.25625 0.0875 0.16953125
1 0.78046875 0.10703125 0.08203125 0.146875
1 0.61796875 0.13046875 0.07109375 0.1421875
1 0.57890625 0.0203125 0.05390625 0.040625
1 0.71328125 0.0203125 0.10390625 0.040625