1 0.83359375 0.2265625 0.075 0.07734375
1 0.7734375 0.36875 0.13671875 0.16796875
1 0.6546875 0.290625 0.08125 0.121875
1 0.77109375 0.1921875 0.1171875 0.11953125
1 0.59765625 0.0828125 0.0734375 0.165625
1 0.5078125 0.03046875 0.08828125 0.06015625
1 0.41171875 0.2765625 0.2390625 0.54765625
1 0.25390625 0.2234375 0.05703125 0.10234375
1 0.17109375 0.27734375 0.08984375 0.1703125
1 0.234375 0.4078125 0.1328125 0.1796875
1 0.040625 0.528125 0.08125 0.24140625
1 0.49296875 0.934375 0.196875 0.13125
1 0.94765625 0.52109375 0.1015625 0.9578125