1 0.71328125 0.696875 0.24375 0.60078125
1 0.1734375 0.378125 0.1984375 0.440625
1 0.9140625 0.621875 0.1703125 0.46953125
1 0.81484375 0.41484375 0.146875 0.4484375
1 0.30859375 0.64921875 0.30546875 0.69453125
1 0.7578125 0.19921875 0.10078125 0.334375
1 0.09921875 0.60859375 0.1984375 0.775
1 0.3765625 0.4953125 0.1890625 0.759375
1 0.63046875 0.428125 0.18515625 0.57265625
1 0.24765625 0.153125 0.125 0.30234375
1 0.58203125 0.2109375 0.128125 0.38515625
1 0.71015625 0.08203125 0.0953125 0.1640625
1 0.57578125 0.0859375 0.08671875 0.171875
1 0.30703125 0.06328125 0.09453125 0.1265625
1 0.49921875 0.49921875 0.99453125 0.9953125
1 0.5078125 0.17578125 0.0890625 0.35078125