1 0.43671875 0.16640625 0.06015625 0.08671875
1 0.34921875 0.2875 0.04453125 0.0421875
1 0.32109375 0.34453125 0.05 0.075
1 0.4171875 0.35546875 0.05703125 0.06796875
1 0.396875 0.390625 0.06484375 0.0671875
1 0.3875 0.47109375 0.0828125 0.1640625
1 0.2015625 0.43515625 0.0609375 0.08828125
1 0.28203125 0.3703125 0.0671875 0.05546875
1 0.27578125 0.53046875 0.11171875 0.26796875
1 0.02265625 0.5828125 0.0453125 0.12578125
1 0.69765625 0.32421875 0.05859375 0.07578125
1 0.578125 0.32734375 0.0421875 0.07734375
1 0.55625 0.334375 0.0328125 0.040625
1 0.615625 0.403125 0.071875 0.08671875
1 0.73203125 0.415625 0.0671875 0.07734375
1 0.81640625 0.515625 0.103125 0.125
1 0.97265625 0.690625 0.0546875 0.421875