1 0.2453125 0.890625 0.32734375 0.21484375
1 0.28671875 0.64375 0.37734375 0.7046875
1 0.3640625 0.17265625 0.11015625 0.18046875
1 0.39140625 0.51953125 0.16015625 0.46328125
1 0.53046875 0.40703125 0.134375 0.35859375
1 0.80625 0.44765625 0.1765625 0.2171875
1 0.72734375 0.2828125 0.05234375 0.05234375
1 0.44375 0.2453125 0.06015625 0.18359375
1 0.671875 0.21484375 0.04765625 0.084375
1 0.4921875 0.29375 0.07109375 0.2296875
1 0.853125 0.37421875 0.08203125 0.06875
1 0.7015625 0.33515625 0.10390625 0.159375