1 0.22265625 0.096875 0.08046875 0.15625
1 0.35078125 0.2 0.0875 0.2109375
1 0.11328125 0.25859375 0.10390625 0.18203125
1 0.3109375 0.4734375 0.13203125 0.309375
1 0.22421875 0.91328125 0.2265625 0.1734375
1 0.7484375 0.53515625 0.140625 0.31171875
1 0.9765625 0.56484375 0.046875 0.2671875
1 0.8484375 0.30703125 0.12421875 0.2203125
1 0.63984375 0.2328125 0.0984375 0.2078125
1 0.78125 0.09375 0.08203125 0.13515625
1 0.56484375 0.1140625 0.08984375 0.16171875
1 0.72890625 0.025 0.07421875 0.05
1 0.58828125 0.0234375 0.0765625 0.046875