1 0.28203125 0.14140625 0.025 0.04296875
1 0.27734375 0.2203125 0.06796875 0.06328125
1 0.3765625 0.21953125 0.03359375 0.0390625
1 0.36171875 0.26953125 0.0546875 0.06015625
1 0.3125 0.36171875 0.07421875 0.10078125
1 0.2421875 0.27421875 0.046875 0.04765625
1 0.134375 0.31796875 0.075 0.10234375
1 0.17734375 0.44765625 0.19609375 0.21015625
1 0.415625 0.1765625 0.06484375 0.0640625
1 0.4875 0.20546875 0.06796875 0.06953125
1 0.5578125 0.21875 0.04765625 0.05390625
1 0.64765625 0.19140625 0.0328125 0.03828125
1 0.67890625 0.190625 0.0484375 0.08671875
1 0.58359375 0.26875 0.053125 0.08515625
1 0.734375 0.26953125 0.06484375 0.05546875
1 0.82109375 0.3328125 0.0828125 0.11171875