1 0.2359375 0.096875 0.0984375 0.134375
1 0.175 0.265625 0.11796875 0.21484375
1 0.053125 0.41328125 0.10625 0.32265625
1 0.34609375 0.4765625 0.14453125 0.31328125
1 0.36796875 0.21875 0.09765625 0.19765625
1 0.79296875 0.53671875 0.07734375 0.23828125
1 0.8828125 0.296875 0.0703125 0.18203125
1 0.68828125 0.25234375 0.07890625 0.165625
1 0.803125 0.10703125 0.0734375 0.12578125
1 0.6375 0.1234375 0.06171875 0.10234375
1 0.75078125 0.03046875 0.0578125 0.0609375
1 0.615625 0.03046875 0.084375 0.0609375