1 0.35390625 0.1265625 0.0546875 0.10859375
1 0.3890625 0.1265625 0.0359375 0.0640625
1 0.41875 0.1921875 0.05625 0.08515625
1 0.484375 0.21171875 0.0375 0.0890625
1 0.56015625 0.20546875 0.07421875 0.06953125
1 0.5640625 0.27734375 0.075 0.0984375
1 0.64765625 0.1984375 0.03203125 0.0390625
1 0.6828125 0.1953125 0.05546875 0.11015625
1 0.734375 0.27734375 0.04375 0.084375
1 0.8359375 0.37421875 0.08515625 0.11796875
1 0.98515625 0.5 0.02890625 0.0921875
1 0.3703125 0.24453125 0.0421875 0.06015625
1 0.27578125 0.22265625 0.05234375 0.06953125
1 0.25078125 0.25703125 0.05234375 0.0578125
1 0.3640625 0.33046875 0.0546875 0.08828125
1 0.171875 0.34609375 0.10078125 0.1875
1 0.22109375 0.4640625 0.13828125 0.20859375
1 0.37421875 0.909375 0.43515625 0.18046875