1 0.20625 0.08046875 0.06328125 0.13515625
1 0.11796875 0.27265625 0.0921875 0.1625
1 0.23984375 0.3046875 0.0953125 0.18671875
1 0.35 0.484375 0.08125 0.24296875
1 0.03359375 0.43828125 0.0671875 0.30546875
1 0.76328125 0.51953125 0.09296875 0.22578125
1 0.9703125 0.48671875 0.059375 0.2265625
1 0.80546875 0.27421875 0.06953125 0.14296875
1 0.66796875 0.271875 0.07109375 0.1828125
1 0.76171875 0.08984375 0.05546875 0.11328125
1 0.60546875 0.10390625 0.05234375 0.11171875
1 0.5875 0.0203125 0.05234375 0.040625
1 0.71875 0.028125 0.07734375 0.05546875