1 0.13828125 0.35625 0.09140625 0.109375
1 0.26015625 0.4671875 0.11640625 0.18046875
1 0.8421875 0.4140625 0.09375 0.10078125
1 0.725 0.27890625 0.05703125 0.0875
1 0.66484375 0.22890625 0.05078125 0.07578125
1 0.56171875 0.27734375 0.0609375 0.10390625
1 0.24140625 0.28046875 0.05390625 0.06875
1 0.33203125 0.3703125 0.09375 0.1328125
1 0.3828125 0.3015625 0.075 0.06875
1 0.27421875 0.23671875 0.0609375 0.075
1 0.4046875 0.26875 0.06328125 0.065625
1 0.425 0.1875 0.02890625 0.07109375
1 0.4765625 0.2265625 0.03828125 0.06640625
1 0.3859375 0.14375 0.03515625 0.0625
1 0.3078125 0.17578125 0.05078125 0.08359375
1 0.5796875 0.125 0.05859375 0.05234375