1 0.253125 0.61015625 0.18828125 0.275
1 0.39375 0.346875 0.10703125 0.21328125
1 0.79375 0.61875 0.11796875 0.23046875
1 0.6828125 0.39140625 0.05234375 0.09296875
1 0.18203125 0.48359375 0.07578125 0.0984375
1 0.71328125 0.50078125 0.09765625 0.17265625
1 0.734375 0.45078125 0.05546875 0.07109375
1 0.503125 0.4109375 0.06640625 0.159375
1 0.17734375 0.73515625 0.33984375 0.525
1 0.37421875 0.9015625 0.24296875 0.19375
1 0.80546875 0.5609375 0.09609375 0.1140625
1 0.39921875 0.63046875 0.15390625 0.36015625
1 0.31328125 0.38984375 0.04140625 0.05390625
1 0.565625 0.575 0.1203125 0.34296875
1 0.2703125 0.4390625 0.05234375 0.03046875
1 0.596875 0.440625 0.05859375 0.0734375
1 0.3953125 0.43515625 0.05703125 0.06328125
1 0.4578125 0.41328125 0.0578125 0.159375
1 0.67734375 0.43984375 0.06953125 0.190625
1 0.02734375 0.765625 0.0546875 0.459375