1 0.24921875 0.4828125 0.115625 0.1828125
1 0.14375 0.325 0.09765625 0.08359375
1 0.35 0.3671875 0.078125 0.09453125
1 0.8359375 0.375 0.09140625 0.1046875
1 0.73046875 0.28203125 0.06328125 0.08046875
1 0.5703125 0.2734375 0.04765625 0.08671875
1 0.6765625 0.21171875 0.040625 0.09609375
1 0.540625 0.23046875 0.0453125 0.078125
1 0.4671875 0.203125 0.040625 0.06953125
1 0.56875 0.11171875 0.034375 0.07578125
1 0.4109375 0.2 0.03828125 0.05
1 0.37109375 0.134375 0.03671875 0.04765625
1 0.29921875 0.15546875 0.06171875 0.06171875
1 0.23984375 0.28046875 0.07578125 0.0765625
1 0.37265625 0.2765625 0.0765625 0.0734375
1 0.2734375 0.21484375 0.06484375 0.0609375
1 0.3828125 0.23515625 0.05390625 0.06484375