1 0.27109375 0.4890625 0.12421875 0.1640625
1 0.1515625 0.3328125 0.05546875 0.0828125
1 0.33671875 0.37578125 0.06796875 0.0703125
1 0.8421875 0.390625 0.0796875 0.06640625
1 0.73046875 0.28515625 0.0625 0.0515625
1 0.575 0.27265625 0.046875 0.0671875
1 0.66953125 0.2203125 0.04375 0.0703125
1 0.53125 0.23515625 0.03359375 0.0609375
1 0.4734375 0.2125 0.03671875 0.0625
1 0.58515625 0.11171875 0.0375 0.059375
1 0.41953125 0.19140625 0.02421875 0.05
1 0.37421875 0.134375 0.02734375 0.04765625
1 0.3859375 0.24296875 0.0390625 0.03671875
1 0.3640625 0.28359375 0.0609375 0.07734375
1 0.2765625 0.2328125 0.0453125 0.05625
1 0.240625 0.29140625 0.04765625 0.07578125
1 0.29765625 0.15859375 0.0390625 0.05234375