1 0.5625 0.4984375 0.5046875 0.9953125
1 0.2515625 0.584375 0.13359375 0.19765625
1 0.5625 0.39609375 0.15390625 0.71875
1 0.1765625 0.4625 0.09765625 0.16328125
1 0.7875 0.53046875 0.16328125 0.2046875
1 0.66484375 0.4453125 0.07109375 0.109375
1 0.84609375 0.421875 0.07421875 0.0828125
1 0.59609375 0.26484375 0.06640625 0.21484375
1 0.75078125 0.35234375 0.065625 0.06640625
1 0.9703125 0.7203125 0.05703125 0.553125
1 0.028125 0.65546875 0.05546875 0.21171875
1 0.646875 0.33125 0.03984375 0.13203125