1 0.225 0.125 0.09765625 0.13828125
1 0.1421875 0.26953125 0.09453125 0.2078125
1 0.04375 0.4046875 0.0875 0.31875
1 0.3171875 0.44375 0.13671875 0.28359375
1 0.4078125 0.23984375 0.1234375 0.253125
1 0.28203125 0.02578125 0.0609375 0.0515625
1 0.271875 0.90546875 0.16171875 0.18828125
1 0.7578125 0.5578125 0.10234375 0.26015625
1 0.9890625 0.5265625 0.021875 0.21640625
1 0.86796875 0.3234375 0.08828125 0.1859375
1 0.6484375 0.271875 0.07109375 0.15625
1 0.7875 0.1265625 0.0484375 0.13359375
1 0.625 0.11171875 0.06796875 0.11640625
1 0.73671875 0.04921875 0.0546875 0.09765625
1 0.5953125 0.025 0.0375 0.05