1 0.31328125 0.665625 0.3203125 0.66484375
1 0.4125 0.565625 0.17109375 0.5125
1 0.1390625 0.33359375 0.08125 0.08828125
1 0.53359375 0.39765625 0.12734375 0.34921875
1 0.33046875 0.2140625 0.05078125 0.1625
1 0.48203125 0.321875 0.06875 0.24375
1 0.7328125 0.27265625 0.0578125 0.06796875
1 0.6703125 0.2140625 0.05546875 0.08359375
1 0.2765625 0.228125 0.04453125 0.04609375
1 0.7859375 0.44453125 0.14140625 0.2078125
1 0.8640625 0.315625 0.05625 0.1546875
1 0.3859375 0.1578125 0.02421875 0.1
1 0.43671875 0.30625 0.0859375 0.2640625
1 0.81640625 0.37421875 0.07890625 0.0640625
1 0.70546875 0.325 0.1140625 0.175
1 0.38203125 0.27109375 0.06171875 0.05859375