1 0.25 0.48125 0.159375 0.20390625
1 0.1515625 0.33203125 0.1046875 0.1125
1 0.46875 0.353125 0.125 0.11796875
1 0.8203125 0.38515625 0.10703125 0.13125
1 0.7296875 0.2765625 0.0421875 0.05546875
1 0.67265625 0.2046875 0.0296875 0.09140625
1 0.540625 0.26640625 0.0546875 0.1
1 0.4625 0.2015625 0.03125 0.071875
1 0.4234375 0.1859375 0.0234375 0.05859375
1 0.56328125 0.10703125 0.0375 0.0625
1 0.37734375 0.13359375 0.040625 0.0546875
1 0.30390625 0.15 0.0328125 0.0609375
1 0.2828125 0.21953125 0.078125 0.0703125
1 0.3640625 0.28359375 0.06328125 0.084375
1 0.23203125 0.27890625 0.046875 0.06796875