1 0.24609375 0.6671875 0.2921875 0.6578125
1 0.66953125 0.70546875 0.24453125 0.58203125
1 0.73203125 0.4421875 0.14609375 0.428125
1 0.09453125 0.44453125 0.18828125 0.46484375
1 0.3265625 0.43515625 0.1453125 0.53046875
1 0.6671875 0.246875 0.12734375 0.32421875
1 0.91171875 0.69609375 0.17265625 0.6046875
1 0.1734375 0.23203125 0.09140625 0.26953125
1 0.49921875 0.49921875 0.99453125 0.99453125
1 0.20859375 0.103125 0.0984375 0.20625
1 0.55859375 0.5921875 0.1828125 0.7984375
1 0.6359375 0.10859375 0.07109375 0.2015625
1 0.421875 0.1 0.0875 0.2
1 0.51796875 0.215625 0.0953125 0.30546875