1 0.28125 0.36796875 0.1390625 0.32265625
1 0.74453125 0.42421875 0.09140625 0.26328125
1 0.18671875 0.8640625 0.2234375 0.271875
1 0.02109375 0.30859375 0.03984375 0.340625
1 0.103125 0.16953125 0.13359375 0.228125
1 0.35390625 0.12421875 0.08515625 0.2296875
1 0.63515625 0.15703125 0.08671875 0.209375
1 0.81640625 0.1671875 0.09140625 0.1765625
1 0.96484375 0.38203125 0.06953125 0.27734375
1 0.2046875 0.03359375 0.08359375 0.0625
1 0.59765625 0.028125 0.0765625 0.05546875
1 0.759375 0.03359375 0.08125 0.0625