1 0.2328125 0.81328125 0.18984375 0.36796875
1 0.475 0.4203125 0.28828125 0.603125
1 0.18203125 0.640625 0.17578125 0.52421875
1 0.3515625 0.23046875 0.0796875 0.22890625
1 0.3828125 0.14609375 0.05859375 0.1671875
1 0.875 0.5765625 0.24765625 0.83984375
1 0.65703125 0.48203125 0.08828125 0.159375
1 0.30546875 0.3453125 0.0921875 0.2796875
1 0.6328125 0.51171875 0.13671875 0.21796875
1 0.34921875 0.553125 0.14375 0.3375
1 0.73671875 0.384375 0.08046875 0.17734375
1 0.6109375 0.2015625 0.52265625 0.4015625
1 0.65 0.575 0.696875 0.84453125
1 0.5125 0.06796875 0.08515625 0.1359375