1 0.2296875 0.45 0.12890625 0.1453125
1 0.8625 0.371875 0.08671875 0.0953125
1 0.73046875 0.26796875 0.046875 0.04296875
1 0.6671875 0.2109375 0.0640625 0.10859375
1 0.59140625 0.25859375 0.06015625 0.09375
1 0.46015625 0.2 0.03203125 0.05390625
1 0.40859375 0.1796875 0.03046875 0.0546875
1 0.37734375 0.12421875 0.0203125 0.03203125
1 0.5734375 0.1125 0.04453125 0.05859375
1 0.2671875 0.20859375 0.0390625 0.05390625
1 0.371875 0.26875 0.07109375 0.07734375
1 0.2453125 0.2625 0.05625 0.06875
1 0.12109375 0.3234375 0.07578125 0.0859375
1 0.32109375 0.3625 0.0640625 0.0625
1 0.38515625 0.215625 0.03359375 0.0453125
1 0.290625 0.1578125 0.04375 0.06796875