1 0.37578125 0.2078125 0.05 0.08671875
1 0.31015625 0.30078125 0.0484375 0.06328125
1 0.4078125 0.3265625 0.0609375 0.04765625
1 0.40546875 0.36640625 0.08984375 0.04765625
1 0.384375 0.4421875 0.0609375 0.1140625
1 0.26484375 0.34453125 0.07109375 0.0671875
1 0.17421875 0.396875 0.075 0.096875
1 0.27734375 0.51171875 0.146875 0.15078125
1 0.3328125 0.8515625 0.1859375 0.296875
1 0.8015625 0.4953125 0.0796875 0.10859375
1 0.97890625 0.58515625 0.04140625 0.11171875
1 0.73359375 0.3765625 0.0546875 0.0828125
1 0.5953125 0.37734375 0.06640625 0.0828125
1 0.703125 0.31015625 0.05078125 0.08046875
1 0.6578125 0.30625 0.02890625 0.0421875
1 0.575 0.31484375 0.05625 0.0484375
1 0.51875 0.28203125 0.0546875 0.08671875
1 0.43828125 0.275 0.0609375 0.08828125