1 0.33046875 0.7671875 0.27890625 0.459375
1 0.35625 0.15078125 0.1109375 0.2078125
1 0.83984375 0.35703125 0.0828125 0.07109375
1 0.140625 0.31015625 0.0828125 0.0984375
1 0.1875 0.42109375 0.16015625 0.21328125
1 0.728125 0.265625 0.0546875 0.05546875
1 0.4328125 0.23359375 0.06484375 0.1765625
1 0.28046875 0.21328125 0.04453125 0.04765625
1 0.80234375 0.43125 0.15859375 0.21953125
1 0.56875 0.2546875 0.05390625 0.078125
1 0.678125 0.20390625 0.0515625 0.08515625
1 0.4078125 0.51953125 0.14296875 0.47421875
1 0.48671875 0.28046875 0.07734375 0.25
1 0.52734375 0.39296875 0.13828125 0.35546875
1 0.98671875 0.4890625 0.02421875 0.13046875
1 0.3421875 0.22109375 0.05546875 0.1109375
1 0.25234375 0.26171875 0.05 0.034375
1 0.40078125 0.35 0.1109375 0.278125
1 0.57578125 0.23203125 0.06640625 0.11328125