1 0.33046875 0.6625 0.303125 0.6703125
1 0.48125 0.3078125 0.08359375 0.27421875
1 0.1296875 0.33046875 0.0890625 0.0984375
1 0.8640625 0.37578125 0.084375 0.07421875
1 0.31171875 0.21015625 0.078125 0.16875
1 0.721875 0.2796875 0.053125 0.05625
1 0.38359375 0.5296875 0.18359375 0.42734375
1 0.5578125 0.41171875 0.17734375 0.353125
1 0.32421875 0.359375 0.06171875 0.08828125
1 0.39453125 0.3921875 0.11171875 0.3140625
1 0.66015625 0.21640625 0.04609375 0.08203125
1 0.4328125 0.2296875 0.06953125 0.14921875
1 0.59453125 0.26953125 0.05390625 0.06640625
1 0.13671875 0.36640625 0.10390625 0.17109375
1 0.303125 0.22734375 0.04140625 0.0640625
1 0.36796875 0.26875 0.05625 0.0640625
1 0.809375 0.446875 0.1953125 0.21796875
1 0.90546875 0.45390625 0.16875 0.2296875