1 0.14375 0.2625 0.12265625 0.19296875
1 0.3390625 0.4796875 0.109375 0.275
1 0.0328125 0.43359375 0.065625 0.31171875
1 0.19765625 0.12109375 0.10390625 0.16875
1 0.33828125 0.20859375 0.09609375 0.18203125
1 0.7703125 0.5328125 0.13515625 0.26328125
1 0.9765625 0.49375 0.046875 0.2953125
1 0.8484375 0.2828125 0.06484375 0.171875
1 0.6609375 0.25234375 0.08828125 0.16875
1 0.78671875 0.0984375 0.0671875 0.140625
1 0.6140625 0.1234375 0.06328125 0.1140625
1 0.72890625 0.02265625 0.06171875 0.0453125
1 0.578125 0.02890625 0.065625 0.0578125