1 0.22890625 0.08359375 0.07890625 0.1671875
1 0.359375 0.209375 0.09296875 0.2125
1 0.27109375 0.50859375 0.1625 0.340625
1 0.18828125 0.90390625 0.22890625 0.17109375
1 0.0296875 0.4046875 0.0578125 0.3421875
1 0.1078125 0.25625 0.12578125 0.19921875
1 0.59609375 0.08671875 0.07734375 0.13203125
1 0.76953125 0.08984375 0.090625 0.134375
1 0.7171875 0.0140625 0.04296875 0.02734375
1 0.58984375 0.0140625 0.06328125 0.028125
1 0.65078125 0.23203125 0.1015625 0.19921875
1 0.82265625 0.25 0.1046875 0.1828125
1 0.77265625 0.53046875 0.1015625 0.26875
1 0.978125 0.51640625 0.04375 0.2296875