1 0.2375 0.50078125 0.12265625 0.33828125
1 0.665625 0.4859375 0.11796875 0.2359375
1 0.1953125 0.9390625 0.20390625 0.11640625
1 0.93671875 0.44921875 0.11328125 0.26796875
1 0.046875 0.34140625 0.0828125 0.23125
1 0.303125 0.25234375 0.0875 0.20546875
1 0.43046875 0.03203125 0.05703125 0.05859375
1 0.5 0.01484375 0.04453125 0.0296875
1 0.63203125 0.02265625 0.05390625 0.04453125
1 0.51875 0.1015625 0.07890625 0.146875
1 0.1765625 0.04609375 0.06328125 0.0859375
1 0.15390625 0.16171875 0.09609375 0.13828125
1 0.56640625 0.25390625 0.07890625 0.1765625
1 0.7515625 0.25078125 0.07578125 0.1875
1 0.696875 0.10625 0.084375 0.15234375