1 0.421875 0.45078125 0.2375 0.8890625
1 0.80859375 0.375 0.10234375 0.253125
1 0.865625 0.23984375 0.05625 0.12734375
1 0.67890625 0.27421875 0.06953125 0.0890625
1 0.73046875 0.1765625 0.06171875 0.08828125
1 0.6953125 0.1390625 0.03984375 0.0265625
1 0.65390625 0.10625 0.04453125 0.0921875
1 0.61015625 0.15546875 0.04921875 0.08828125
1 0.6453125 0.19921875 0.0625 0.05546875
1 0.553125 0.12109375 0.08984375 0.24140625
1 0.496875 0.1625 0.0890625 0.32421875
1 0.25859375 0.22421875 0.04765625 0.06171875
1 0.175 0.29375 0.08828125 0.16796875
1 0.24375 0.428125 0.13671875 0.2125
1 0.03984375 0.49609375 0.0796875 0.1640625