1 0.196875 0.44609375 0.08125 0.12421875
1 0.83203125 0.37734375 0.1015625 0.08828125
1 0.73046875 0.26953125 0.059375 0.05078125
1 0.57578125 0.26015625 0.02890625 0.0546875
1 0.6671875 0.1890625 0.046875 0.06875
1 0.540625 0.2125 0.0390625 0.06953125
1 0.471875 0.196875 0.03984375 0.06640625
1 0.41875 0.18359375 0.028125 0.06328125
1 0.378125 0.13359375 0.03125 0.0546875
1 0.27265625 0.2203125 0.04765625 0.0578125
1 0.3703125 0.22421875 0.0484375 0.02421875
1 0.3578125 0.26640625 0.0625 0.053125
1 0.2375 0.2609375 0.05078125 0.05703125
1 0.1078125 0.31875 0.07734375 0.08046875
1 0.3203125 0.353125 0.08125 0.10390625
1 0.5734375 0.11328125 0.046875 0.05078125