1 0.7390625 0.71953125 0.28203125 0.55625
1 0.396875 0.38671875 0.20546875 0.55546875
1 0.3515625 0.65703125 0.29296875 0.678125
1 0.184375 0.3984375 0.184375 0.51953125
1 0.8140625 0.3859375 0.16484375 0.41796875
1 0.75859375 0.18046875 0.1 0.33203125
1 0.1046875 0.61875 0.209375 0.75
1 0.575 0.23828125 0.16953125 0.44453125
1 0.24921875 0.18984375 0.11953125 0.32109375
1 0.6140625 0.56640625 0.22578125 0.85546875
1 0.70234375 0.07578125 0.07890625 0.1515625
1 0.25625 0.91171875 0.2140625 0.17265625
1 0.0796875 0.190625 0.096875 0.3265625
1 0.9015625 0.70625 0.19453125 0.58359375
1 0.49921875 0.49921875 0.99453125 0.99375
1 0.58984375 0.1109375 0.1328125 0.221875