1 0.2953125 0.66484375 0.3546875 0.66171875
1 0.17734375 0.88359375 0.35234375 0.2296875
1 0.75859375 0.45703125 0.09609375 0.1984375
1 0.66796875 0.23515625 0.05078125 0.0921875
1 0.3578125 0.178125 0.10234375 0.20234375
1 0.40390625 0.55390625 0.1375 0.47265625
1 0.721875 0.2890625 0.05234375 0.04296875
1 0.5640625 0.26875 0.0609375 0.115625
1 0.3015625 0.265625 0.0609375 0.10078125
1 0.496875 0.25703125 0.05859375 0.11640625
1 0.13125 0.3453125 0.08828125 0.10234375
1 0.4234375 0.534375 0.7734375 0.915625