1 0.38984375 0.20859375 0.08671875 0.2203125
1 0.44296875 0.32109375 0.0609375 0.190625
1 0.29375 0.29453125 0.03671875 0.06953125
1 0.37734375 0.30234375 0.05625 0.0515625
1 0.409375 0.2890625 0.04765625 0.05234375
1 0.3828125 0.4171875 0.0859375 0.12734375
1 0.26953125 0.3390625 0.06015625 0.0640625
1 0.1671875 0.38515625 0.1109375 0.1296875
1 0.21640625 0.5015625 0.16875 0.18359375
1 0.3234375 0.86171875 0.26796875 0.2765625
1 0.95234375 0.565625 0.0953125 0.25703125
1 0.79375 0.4671875 0.0921875 0.11328125
1 0.73359375 0.34609375 0.04765625 0.090625
1 0.6921875 0.2859375 0.065625 0.11171875
1 0.65546875 0.27578125 0.0171875 0.034375
1 0.57109375 0.2796875 0.046875 0.06796875
1 0.59453125 0.34296875 0.0703125 0.084375