1 0.6640625 0.29609375 0.35234375 0.55546875
1 0.4921875 0.125 0.11015625 0.24140625
1 0.42109375 0.04453125 0.0671875 0.0890625
1 0.3609375 0.0515625 0.05078125 0.0984375
1 0.2515625 0.11328125 0.06171875 0.09609375
1 0.34765625 0.23671875 0.0453125 0.09453125
1 0.2515625 0.26484375 0.0734375 0.1234375
1 0.34453125 0.43359375 0.08984375 0.165625
1 0.1453125 0.47265625 0.1109375 0.18671875
1 0.26875 0.77109375 0.11796875 0.27578125
1 0.03671875 0.81484375 0.07265625 0.271875
1 0.96171875 0.4203125 0.0765625 0.32265625