1 0.46640625 0.10078125 0.1890625 0.2015625
1 0.5796875 0.0640625 0.075 0.128125
1 0.7546875 0.1859375 0.07734375 0.0640625
1 0.6703125 0.16171875 0.05390625 0.06015625
1 0.65625 0.27734375 0.06953125 0.11015625
1 0.87578125 0.26953125 0.07890625 0.13125
1 0.815625 0.396875 0.175 0.2640625
1 0.97421875 0.45390625 0.0515625 0.4015625
1 0.2796875 0.46484375 0.15390625 0.21796875
1 0.3359375 0.31640625 0.07578125 0.1078125
1 0.16015625 0.29296875 0.10390625 0.10234375
1 0.03046875 0.47890625 0.0609375 0.2203125
1 0.28671875 0.23828125 0.0578125 0.0828125
1 0.29140625 0.16796875 0.03125 0.0421875
1 0.684375 0.91328125 0.52265625 0.17265625