1 0.6484375 0.68359375 0.23671875 0.628125
1 0.246875 0.6609375 0.30859375 0.671875
1 0.72265625 0.38671875 0.13828125 0.42890625
1 0.08671875 0.4453125 0.17265625 0.44609375
1 0.65390625 0.18359375 0.09765625 0.33203125
1 0.546875 0.4875 0.17734375 0.69453125
1 0.15546875 0.21015625 0.1 0.2859375
1 0.47421875 0.29921875 0.15234375 0.565625
1 0.87578125 0.65625 0.24609375 0.68046875
1 0.31015625 0.40703125 0.1609375 0.53671875
1 0.6015625 0.0734375 0.08203125 0.146875
1 0.1890625 0.09453125 0.10703125 0.18828125
1 0.16875 0.94140625 0.1984375 0.11328125
1 0.47109375 0.08984375 0.07265625 0.17890625
1 0.49921875 0.49921875 0.99453125 0.9953125
1 0.40390625 0.18671875 0.08828125 0.3734375