1 0.37734375 0.65859375 0.26015625 0.67578125
1 0.76328125 0.73515625 0.2734375 0.52421875
1 0.2421875 0.3875 0.17578125 0.50859375
1 0.69140625 0.42890625 0.20078125 0.43203125
1 0.4609375 0.41484375 0.1421875 0.49375
1 0.8734375 0.496875 0.15859375 0.44375
1 0.61328125 0.3484375 0.18671875 0.51875
1 0.821875 0.28046875 0.153125 0.3109375
1 0.32578125 0.20234375 0.08359375 0.27421875
1 0.128125 0.61484375 0.25546875 0.75703125
1 0.25625 0.92578125 0.2125 0.14453125
1 0.36796875 0.09375 0.1 0.1875
1 0.56484375 0.18828125 0.1125 0.3734375
1 0.4984375 0.49921875 0.99453125 0.99609375
1 0.78125 0.12421875 0.11171875 0.21015625
1 0.94453125 0.81640625 0.10859375 0.3640625
1 0.66640625 0.1140625 0.13046875 0.228125