1 0.3265625 0.45546875 0.1265625 0.30390625
1 0.75625 0.528125 0.1046875 0.2609375
1 0.9703125 0.465625 0.059375 0.303125
1 0.82578125 0.26640625 0.10703125 0.20859375
1 0.63828125 0.23125 0.06640625 0.22578125
1 0.56875 0.09921875 0.075 0.13125
1 0.74921875 0.08828125 0.0671875 0.1578125
1 0.03203125 0.4140625 0.0640625 0.33515625
1 0.2046875 0.925 0.30234375 0.15
1 0.09296875 0.26796875 0.1125 0.240625
1 0.19609375 0.10703125 0.08671875 0.1734375
1 0.31171875 0.22578125 0.1234375 0.221875
1 0.69375 0.0234375 0.05546875 0.046875
1 0.57734375 0.01640625 0.04375 0.0328125