1 0.4484375 0.3078125 0.2515625 0.615625
1 0.85703125 0.29765625 0.1359375 0.1953125
1 0.86484375 0.17890625 0.071875 0.09296875
1 0.796875 0.125 0.0859375 0.096875
1 0.70703125 0.228125 0.0765625 0.10625
1 0.55390625 0.0921875 0.08984375 0.184375
1 0.6375 0.05625 0.084375 0.1125
1 0.265625 0.16875 0.06328125 0.07734375
1 0.1734375 0.23515625 0.08984375 0.12890625
1 0.33359375 0.275 0.0859375 0.10390625
1 0.265625 0.3796875 0.1484375 0.20234375
1 0.05546875 0.490625 0.1109375 0.215625
1 0.5171875 0.9609375 0.328125 0.078125
1 0.0828125 0.921875 0.16484375 0.15625