1 0.26171875 0.515625 0.1375 0.23125
1 0.13515625 0.28515625 0.090625 0.17421875
1 0.33515625 0.278125 0.0875 0.18359375
1 0.2140625 0.171875 0.0765625 0.14609375
1 0.7265625 0.5546875 0.08515625 0.2265625
1 0.978125 0.51640625 0.04296875 0.2140625
1 0.79765625 0.284375 0.07421875 0.1640625
1 0.6203125 0.278125 0.06328125 0.15078125
1 0.56015625 0.13125 0.0609375 0.12421875
1 0.73984375 0.121875 0.0703125 0.13671875
1 0.6875 0.046875 0.059375 0.09375
1 0.55234375 0.02421875 0.0546875 0.0484375
1 0.4953125 0.04140625 0.04765625 0.0828125
1 0.23203125 0.03671875 0.0921875 0.0734375
1 0.025 0.54453125 0.05 0.2265625