1 0.26015625 0.4296875 0.15234375 0.16875
1 0.37421875 0.371875 0.103125 0.15859375
1 0.1484375 0.2953125 0.1125 0.09375
1 0.79375 0.36015625 0.11171875 0.09375
1 0.728125 0.2484375 0.06171875 0.05546875
1 0.5921875 0.259375 0.0625 0.09609375
1 0.6640625 0.16875 0.04375 0.090625
1 0.5546875 0.1921875 0.0421875 0.04765625
1 0.4671875 0.1875 0.0359375 0.0609375
1 0.42421875 0.165625 0.03359375 0.05546875
1 0.378125 0.24140625 0.03984375 0.0546875
1 0.240625 0.24765625 0.04453125 0.0390625
1 0.13984375 0.3 0.07421875 0.084375
1 0.275 0.20390625 0.04765625 0.0390625
1 0.31953125 0.1171875 0.0296875 0.05
1 0.390625 0.09765625 0.03359375 0.06640625
1 0.58046875 0.08515625 0.04453125 0.05859375