1 0.446875 0.1125 0.20390625 0.22421875
1 0.5375 0.07421875 0.08671875 0.14765625
1 0.5890625 0.21640625 0.0765625 0.2078125
1 0.675 0.2984375 0.04296875 0.05390625
1 0.7625 0.35078125 0.078125 0.06328125
1 0.6625 0.44453125 0.0890625 0.13515625
1 0.85625 0.44140625 0.06953125 0.1578125
1 0.78203125 0.56328125 0.20703125 0.24453125
1 0.96015625 0.56953125 0.0796875 0.2125
1 0.29921875 0.34296875 0.0515625 0.0484375
1 0.28203125 0.41015625 0.06171875 0.08828125
1 0.12734375 0.440625 0.1484375 0.1875
1 0.25234375 0.6125 0.1625 0.2140625
1 0.0546875 0.66015625 0.109375 0.196875