1 0.384375 0.12109375 0.03203125 0.06796875
1 0.4203125 0.1609375 0.04765625 0.05390625
1 0.40859375 0.20859375 0.04921875 0.05
1 0.340625 0.16953125 0.0671875 0.0921875
1 0.490625 0.21484375 0.053125 0.075
1 0.56171875 0.22109375 0.04921875 0.08046875
1 0.64375 0.2015625 0.0390625 0.04609375
1 0.68203125 0.21015625 0.06171875 0.084375
1 0.60234375 0.2625 0.0671875 0.096875
1 0.74453125 0.27734375 0.07421875 0.08515625
1 0.3640625 0.259375 0.05 0.08046875
1 0.2828125 0.22109375 0.0484375 0.06953125
1 0.24765625 0.2859375 0.0640625 0.07578125
1 0.36328125 0.35859375 0.09921875 0.13359375
1 0.2921875 0.47109375 0.11796875 0.2234375
1 0.14140625 0.30859375 0.0984375 0.15
1 0.85859375 0.36015625 0.0796875 0.1046875