1 0.25625 0.4984375 0.1390625 0.14765625
1 0.14296875 0.3234375 0.06796875 0.06328125
1 0.346875 0.3625 0.07734375 0.06484375
1 0.84296875 0.38828125 0.0828125 0.06015625
1 0.72734375 0.284375 0.04375 0.05703125
1 0.67734375 0.21484375 0.03671875 0.09609375
1 0.571875 0.259375 0.0515625 0.075
1 0.53046875 0.23359375 0.0390625 0.06328125
1 0.58125 0.10234375 0.040625 0.07578125
1 0.4734375 0.19765625 0.0328125 0.0703125
1 0.41875 0.18515625 0.025 0.0578125
1 0.378125 0.11953125 0.0328125 0.06328125
1 0.28046875 0.225 0.034375 0.05546875
1 0.24296875 0.26953125 0.04765625 0.04921875
1 0.36484375 0.27734375 0.04609375 0.071875
1 0.3859375 0.2296875 0.05 0.0375
1 0.2953125 0.1609375 0.03984375 0.075