1 0.128125 0.3078125 0.084375 0.09140625
1 0.378125 0.3625 0.0734375 0.12578125
1 0.24765625 0.4515625 0.10703125 0.171875
1 0.790625 0.359375 0.07890625 0.08359375
1 0.725 0.26953125 0.04921875 0.0609375
1 0.571875 0.2484375 0.04296875 0.078125
1 0.6609375 0.1796875 0.05 0.078125
1 0.546875 0.20703125 0.04453125 0.06484375
1 0.475 0.19375 0.0484375 0.06953125
1 0.4328125 0.17421875 0.034375 0.053125
1 0.3859375 0.1078125 0.034375 0.0578125
1 0.3234375 0.14765625 0.034375 0.06953125
1 0.39609375 0.21484375 0.0578125 0.034375
1 0.37734375 0.2546875 0.05703125 0.05390625
1 0.29375 0.21171875 0.06875 0.0734375
1 0.259375 0.2765625 0.07421875 0.08359375