1 0.34375 0.65703125 0.26171875 0.68125
1 0.18046875 0.41484375 0.1921875 0.47890625
1 0.40390625 0.37890625 0.20234375 0.5671875
1 0.10703125 0.62890625 0.2140625 0.7359375
1 0.92109375 0.73125 0.15546875 0.534375
1 0.7734375 0.19140625 0.10859375 0.33203125
1 0.25546875 0.16953125 0.10859375 0.309375
1 0.83671875 0.33125 0.16015625 0.2671875
1 0.5859375 0.38203125 0.15859375 0.7171875
1 0.71796875 0.0734375 0.09140625 0.14609375
1 0.7390625 0.7 0.25390625 0.59375
1 0.2609375 0.9125 0.21328125 0.17109375
1 0.06328125 0.1984375 0.12109375 0.30234375
1 0.65390625 0.56953125 0.18046875 0.85390625
1 0.1171875 0.09765625 0.09140625 0.1671875
1 0.57578125 0.1203125 0.11484375 0.240625
1 0.49921875 0.49921875 0.9953125 0.9953125