1 0.2328125 0.4390625 0.125 0.17421875
1 0.1328125 0.3203125 0.08125 0.125
1 0.3671875 0.35703125 0.07109375 0.125
1 0.8453125 0.35546875 0.0765625 0.084375
1 0.7265625 0.26953125 0.04765625 0.06484375
1 0.5796875 0.24765625 0.0453125 0.0859375
1 0.5578125 0.21640625 0.04453125 0.06484375
1 0.66640625 0.17578125 0.04375 0.0796875
1 0.46953125 0.1953125 0.0328125 0.078125
1 0.4296875 0.17578125 0.0296875 0.06328125
1 0.3828125 0.10859375 0.0203125 0.04921875
1 0.57890625 0.08359375 0.02265625 0.0515625
1 0.32578125 0.1515625 0.03984375 0.0796875
1 0.40546875 0.21953125 0.040625 0.0515625
1 0.384375 0.25 0.05859375 0.0734375
1 0.2484375 0.25390625 0.053125 0.059375
1 0.28984375 0.19453125 0.04375 0.0640625