1 0.3921875 0.25078125 0.0578125 0.10234375
1 0.4484375 0.321875 0.0375 0.05234375
1 0.5609375 0.37578125 0.05078125 0.05234375
1 0.58046875 0.41953125 0.0609375 0.06953125
1 0.65 0.346875 0.03046875 0.06328125
1 0.68984375 0.359375 0.06015625 0.1140625
1 0.7296875 0.43828125 0.0484375 0.08125
1 0.84375 0.5046875 0.08671875 0.08828125
1 0.28984375 0.371875 0.05625 0.08046875
1 0.40703125 0.409375 0.05078125 0.07734375
1 0.39296875 0.434375 0.0703125 0.08671875
1 0.3703125 0.5078125 0.1 0.11328125
1 0.125 0.47421875 0.0703125 0.096875
1 0.2671875 0.64765625 0.2046875 0.3453125
1 0.3171875 0.9 0.2359375 0.2
1 0.2546875 0.41953125 0.05546875 0.040625
1 0.97734375 0.65546875 0.0453125 0.25078125