1 0.1859375 0.94140625 0.26875 0.1171875
1 0.10390625 0.4375 0.09765625 0.11328125
1 0.20859375 0.55 0.15625 0.19140625
1 0.3515625 0.46171875 0.0859375 0.1171875
1 0.2546875 0.396875 0.084375 0.07890625
1 0.30625 0.334375 0.053125 0.0515625
1 0.3890625 0.3765625 0.0765625 0.0390625
1 0.39921875 0.2078125 0.04765625 0.065625
1 0.4703125 0.38046875 0.0453125 0.15859375
1 0.5625 0.33828125 0.0546875 0.04296875
1 0.57421875 0.39140625 0.053125 0.04765625
1 0.64765625 0.33125 0.0171875 0.03515625
1 0.68203125 0.32265625 0.0484375 0.08046875
1 0.7265625 0.39765625 0.05625 0.05234375
1 0.8609375 0.49765625 0.10859375 0.07109375
1 0.97734375 0.62734375 0.0453125 0.2421875