1 0.215625 0.08984375 0.08515625 0.13828125
1 0.36328125 0.2078125 0.0890625 0.21328125
1 0.12578125 0.27578125 0.115625 0.209375
1 0.34609375 0.478125 0.128125 0.30859375
1 0.23359375 0.90234375 0.1984375 0.1953125
1 0.82578125 0.56875 0.10390625 0.26171875
1 0.9859375 0.4765625 0.028125 0.190625
1 0.86484375 0.28125 0.1125 0.17578125
1 0.68515625 0.23125 0.0890625 0.17734375
1 0.81484375 0.11953125 0.0796875 0.165625
1 0.62265625 0.0984375 0.06328125 0.134375
1 0.74296875 0.01953125 0.0765625 0.0390625
1 0.60390625 0.01484375 0.0484375 0.0296875