1 0.41640625 0.29609375 0.3265625 0.565625
1 0.5453125 0.1828125 0.159375 0.365625
1 0.66328125 0.075 0.03828125 0.06015625
1 0.62578125 0.128125 0.05625 0.0671875
1 0.6890625 0.1296875 0.034375 0.05390625
1 0.659375 0.18984375 0.0765625 0.07734375
1 0.76171875 0.153125 0.04921875 0.0640625
1 0.66953125 0.24609375 0.05 0.05625
1 0.7578125 0.3453125 0.1609375 0.17578125
1 0.86015625 0.21171875 0.1171875 0.08671875
1 0.26015625 0.18828125 0.05546875 0.075
1 0.1734375 0.24296875 0.1015625 0.096875
1 0.2484375 0.36328125 0.11953125 0.1953125
1 0.04140625 0.46328125 0.0828125 0.1734375
1 0.58515625 0.025 0.03203125 0.05