1 0.71875 0.7046875 0.24609375 0.584375
1 0.91640625 0.6828125 0.165625 0.6296875
1 0.175 0.4078125 0.1984375 0.4484375
1 0.09921875 0.61640625 0.1984375 0.7578125
1 0.33125 0.6609375 0.33203125 0.67265625
1 0.38515625 0.38515625 0.17265625 0.509375
1 0.81484375 0.43125 0.14140625 0.446875
1 0.5640625 0.44375 0.13515625 0.79765625
1 0.77109375 0.21328125 0.134375 0.30859375
1 0.26171875 0.17421875 0.090625 0.296875
1 0.634375 0.41953125 0.1859375 0.525
1 0.2203125 0.91328125 0.196875 0.16875
1 0.70859375 0.0859375 0.09609375 0.171875
1 0.603125 0.03515625 0.08125 0.0703125
1 0.29921875 0.0828125 0.0984375 0.165625
1 0.50625 0.11328125 0.08515625 0.22578125
1 0.57109375 0.2375 0.11953125 0.384375
1 0.49921875 0.49921875 0.99609375 0.9953125