1 0.32890625 0.66015625 0.32734375 0.6734375
1 0.48046875 0.284375 0.07890625 0.271875
1 0.38046875 0.503125 0.15625 0.44453125
1 0.15703125 0.30625 0.08203125 0.10390625
1 0.7203125 0.25390625 0.0515625 0.05390625
1 0.33359375 0.1859375 0.05546875 0.13515625
1 0.43359375 0.20078125 0.05703125 0.1609375
1 0.84921875 0.346875 0.08046875 0.06875
1 0.58125 0.2453125 0.05390625 0.07109375
1 0.27578125 0.203125 0.04375 0.04765625
1 0.67265625 0.19375 0.053125 0.08828125
1 0.80234375 0.41875 0.17578125 0.21328125
1 0.66484375 0.2421875 0.07421875 0.184375
1 0.540625 0.384375 0.1359375 0.35