1 0.14921875 0.30390625 0.08828125 0.11484375
1 0.378125 0.3375 0.1203125 0.109375
1 0.24921875 0.41015625 0.11015625 0.1625
1 0.78984375 0.36484375 0.06640625 0.103125
1 0.7390625 0.27734375 0.071875 0.07578125
1 0.67109375 0.1703125 0.053125 0.1015625
1 0.5890625 0.246875 0.0609375 0.07421875
1 0.54453125 0.19921875 0.03359375 0.0703125
1 0.4625 0.1890625 0.03125 0.05
1 0.42265625 0.1609375 0.025 0.0546875
1 0.33203125 0.14140625 0.0453125 0.07890625
1 0.40625 0.20546875 0.05546875 0.06484375
1 0.384375 0.25703125 0.065625 0.071875
1 0.2703125 0.1984375 0.03828125 0.04609375
1 0.24375 0.25 0.04765625 0.05703125
1 0.14609375 0.309375 0.09453125 0.12578125
1 0.57265625 0.08515625 0.0328125 0.04921875
1 0.38828125 0.11484375 0.0375 0.06171875