1 0.775 0.234375 0.25546875 0.4296875
1 0.96171875 0.69765625 0.0765625 0.4078125
1 0.51328125 0.084375 0.1046875 0.16796875
1 0.56796875 0.05703125 0.03046875 0.1140625
1 0.4328125 0.0859375 0.04375 0.04296875
1 0.4265625 0.03671875 0.0390625 0.0390625
1 0.35390625 0.0328125 0.05 0.065625
1 0.28984375 0.20390625 0.06796875 0.16171875
1 0.3875 0.20234375 0.059375 0.15234375
1 0.3859375 0.39296875 0.06328125 0.1234375
1 0.28046875 0.696875 0.109375 0.2390625
1 0.17265625 0.40390625 0.10390625 0.15078125