1 0.63515625 0.69609375 0.253125 0.603125
1 0.21640625 0.653125 0.31328125 0.6875
1 0.8796875 0.6953125 0.22734375 0.60390625
1 0.29453125 0.403125 0.1671875 0.54140625
1 0.71640625 0.41484375 0.13984375 0.42265625
1 0.07421875 0.425 0.1484375 0.46796875
1 0.65390625 0.2046875 0.096875 0.32109375
1 0.1296875 0.16875 0.14453125 0.28671875
1 0.6078125 0.09140625 0.09296875 0.1828125
1 0.4734375 0.43984375 0.1359375 0.809375
1 0.128125 0.93125 0.22421875 0.134375
1 0.409375 0.2328125 0.09296875 0.46484375
1 0.540625 0.57421875 0.1828125 0.83984375
1 0.80859375 0.21171875 0.08828125 0.3375
1 0.196875 0.0796875 0.10390625 0.159375
1 0.49609375 0.03515625 0.0953125 0.0703125
1 0.48046875 0.23359375 0.12109375 0.39765625
1 0.48515625 0.09765625 0.1171875 0.1953125
1 0.4984375 0.49921875 0.99140625 0.9953125