1 0.2953125 0.37734375 0.06640625 0.075
1 0.2546875 0.42265625 0.065625 0.06015625
1 0.1484375 0.459375 0.1015625 0.07890625
1 0.22890625 0.625 0.1703125 0.1578125
1 0.33125 0.9515625 0.36015625 0.096875
1 0.35234375 0.5078125 0.0859375 0.10078125
1 0.396875 0.4 0.0578125 0.05390625
1 0.4078125 0.26171875 0.06640625 0.1140625
1 0.46171875 0.3765625 0.03984375 0.11796875
1 0.54609375 0.3703125 0.0609375 0.0921875
1 0.59375 0.42578125 0.05546875 0.0890625
1 0.671875 0.3640625 0.06484375 0.090625
1 0.74609375 0.43984375 0.05625 0.096875
1 0.84765625 0.5234375 0.08125 0.10078125