1 0.54375 0.10078125 0.05546875 0.1390625
1 0.5125 0.1140625 0.10546875 0.228125
1 0.4171875 0.07265625 0.028125 0.071875
1 0.415625 0.22578125 0.05078125 0.1078125
1 0.40234375 0.07109375 0.06484375 0.14140625
1 0.353125 0.1078125 0.06953125 0.1390625
1 0.2125 0.434375 0.10703125 0.24140625
1 0.41796875 0.44609375 0.0703125 0.11171875
1 0.296875 0.73203125 0.14375 0.28515625
1 0.0671875 0.7359375 0.134375 0.28984375
1 0.94375 0.74921875 0.11171875 0.28125
1 0.84453125 0.3328125 0.31015625 0.5921875
1 0.67265625 0.06328125 0.08515625 0.1