1 0.39140625 0.2515625 0.11015625 0.23125
1 0.5265625 0.46640625 0.13203125 0.39453125
1 0.390625 0.59453125 0.17734375 0.47421875
1 0.828125 0.4421875 0.0890625 0.08359375
1 0.67109375 0.34296875 0.084375 0.19140625
1 0.94609375 0.7328125 0.10546875 0.5296875
1 0.21328125 0.9078125 0.3015625 0.18125
1 0.15546875 0.39921875 0.08984375 0.09453125
1 0.70546875 0.409375 0.11171875 0.16015625
1 0.240625 0.7015625 0.47890625 0.5921875
1 0.73359375 0.35625 0.05390625 0.05546875
1 0.803125 0.51640625 0.13984375 0.23359375
1 0.45703125 0.37109375 0.059375 0.253125
1 0.51171875 0.23046875 0.01796875 0.0734375
1 0.2734375 0.6578125 0.27890625 0.503125
1 0.30234375 0.3 0.04453125 0.0578125