1 0.16953125 0.94453125 0.19609375 0.11015625
1 0.2453125 0.48203125 0.10859375 0.228125
1 0.696875 0.5390625 0.146875 0.2359375
1 0.93828125 0.46484375 0.1234375 0.2296875
1 0.7625 0.28046875 0.090625 0.1609375
1 0.5625 0.27734375 0.0734375 0.140625
1 0.7078125 0.11484375 0.05625 0.1421875
1 0.496875 0.1375 0.0515625 0.1046875
1 0.63359375 0.0453125 0.0671875 0.090625
1 0.50859375 0.02265625 0.05078125 0.04453125
1 0.43203125 0.028125 0.0828125 0.05625
1 0.1953125 0.0296875 0.0765625 0.05859375
1 0.12890625 0.12421875 0.11484375 0.14609375
1 0.30703125 0.26328125 0.0625 0.15859375
1 0.0453125 0.32734375 0.090625 0.2078125