1 0.28359375 0.39765625 0.0828125 0.07890625
1 0.178125 0.45859375 0.096875 0.12578125
1 0.25078125 0.6171875 0.1078125 0.1625
1 0.0328125 0.64765625 0.065625 0.2546875
1 0.56484375 0.128125 0.0671875 0.16171875
1 0.46015625 0.1546875 0.1625 0.278125
1 0.54140625 0.03203125 0.09375 0.0640625
1 0.6375 0.34765625 0.05703125 0.1078125
1 0.6765625 0.29375 0.04296875 0.075
1 0.7453125 0.33984375 0.06796875 0.08125
1 0.67890625 0.47890625 0.1046875 0.11953125
1 0.88046875 0.45078125 0.1171875 0.1328125
1 0.815625 0.5828125 0.16484375 0.3546875
1 0.97421875 0.64375 0.0515625 0.2375