1 0.21796875 0.09375 0.06953125 0.12421875
1 0.121875 0.27109375 0.10625 0.19609375
1 0.35625 0.209375 0.09140625 0.178125
1 0.3640625 0.5703125 0.17265625 0.30546875
1 0.0375 0.45859375 0.075 0.3171875
1 0.77421875 0.5578125 0.1 0.2578125
1 0.978125 0.5015625 0.04375 0.303125
1 0.8375 0.2828125 0.08359375 0.19609375
1 0.65859375 0.24296875 0.06328125 0.1546875
1 0.78046875 0.11953125 0.0515625 0.11015625
1 0.72109375 0.02734375 0.05625 0.05390625
1 0.6171875 0.1203125 0.0609375 0.14453125
1 0.57890625 0.0140625 0.04296875 0.02734375