1 0.39375 0.11171875 0.0609375 0.07578125
1 0.2828125 0.23828125 0.07734375 0.05625
1 0.38515625 0.26328125 0.078125 0.07734375
1 0.375 0.3546875 0.08515625 0.0734375
1 0.265625 0.30859375 0.0734375 0.07109375
1 0.16015625 0.3359375 0.0515625 0.0734375
1 0.2328125 0.47734375 0.16171875 0.140625
1 0.3125 0.9 0.203125 0.2
1 0.578125 0.2859375 0.0484375 0.0578125
1 0.55625 0.2359375 0.0421875 0.02734375
1 0.4875 0.23125 0.0390625 0.07109375
1 0.47109375 0.2734375 0.03515625 0.16953125
1 0.6734375 0.23671875 0.0640625 0.096875
1 0.74140625 0.28984375 0.0328125 0.065625
1 0.8390625 0.38671875 0.0875 0.121875
1 0.97734375 0.515625 0.0453125 0.09375