1 0.38984375 0.2609375 0.0609375 0.090625
1 0.54609375 0.36796875 0.03828125 0.04453125
1 0.63984375 0.36953125 0.0375 0.040625
1 0.66953125 0.37421875 0.04921875 0.0734375
1 0.58359375 0.43671875 0.0609375 0.0828125
1 0.734375 0.43984375 0.06640625 0.0734375
1 0.83203125 0.57265625 0.1484375 0.15
1 0.9578125 0.72265625 0.084375 0.36484375
1 0.47265625 0.44140625 0.11015625 0.2046875
1 0.39375 0.4046875 0.04765625 0.06328125
1 0.3875 0.4546875 0.08671875 0.0828125
1 0.3453125 0.5203125 0.08671875 0.11953125
1 0.30859375 0.39296875 0.04140625 0.06171875
1 0.3328125 0.3609375 0.03671875 0.06796875
1 0.25234375 0.4546875 0.0515625 0.07578125
1 0.15 0.4890625 0.11640625 0.10625
1 0.20234375 0.58984375 0.1171875 0.165625