1 0.209375 0.42109375 0.1109375 0.11484375
1 0.4140625 0.38515625 0.06875 0.10234375
1 0.13515625 0.3203125 0.0796875 0.08828125
1 0.24921875 0.253125 0.03828125 0.04609375
1 0.3765625 0.271875 0.05390625 0.07578125
1 0.28046875 0.20078125 0.0609375 0.0515625
1 0.340625 0.14765625 0.06875 0.06953125
1 0.38828125 0.21953125 0.0421875 0.03359375
1 0.79921875 0.36015625 0.06953125 0.08984375
1 0.73515625 0.2703125 0.05625 0.07109375
1 0.57421875 0.24609375 0.04453125 0.06015625
1 0.684375 0.19140625 0.02734375 0.0703125
1 0.5578125 0.19921875 0.046875 0.04375
1 0.59375 0.0875 0.046875 0.06484375
1 0.421875 0.1625 0.04453125 0.04375
1 0.47421875 0.196875 0.03203125 0.0625