1 0.25625 0.06953125 0.07265625 0.1390625
1 0.11953125 0.26796875 0.12265625 0.19609375
1 0.3453125 0.22421875 0.09609375 0.215625
1 0.32734375 0.4734375 0.13515625 0.28515625
1 0.0421875 0.39609375 0.084375 0.3328125
1 0.26953125 0.89921875 0.24921875 0.2015625
1 0.56953125 0.0171875 0.0515625 0.034375
1 0.7171875 0.01953125 0.06015625 0.0390625
1 0.6140625 0.090625 0.06953125 0.1390625
1 0.76953125 0.07890625 0.078125 0.15703125
1 0.6625 0.23203125 0.08984375 0.19765625
1 0.84921875 0.28046875 0.07421875 0.18203125
1 0.77265625 0.51796875 0.096875 0.26640625
1 0.97109375 0.4640625 0.05703125 0.24453125