1 0.565625 0.4984375 0.53984375 0.996875
1 0.6015625 0.38515625 0.26640625 0.7703125
1 0.82265625 0.69765625 0.33984375 0.59921875
1 0.24921875 0.58125 0.12265625 0.21953125
1 0.18515625 0.465625 0.10546875 0.16171875
1 0.66796875 0.371875 0.0671875 0.1140625
1 0.2765625 0.3953125 0.05078125 0.06953125
1 0.89921875 0.2890625 0.03203125 0.18828125
1 0.85546875 0.4359375 0.07265625 0.0890625
1 0.609375 0.3625 0.03515625 0.09375
1 0.93359375 0.31015625 0.04453125 0.1203125
1 0.775 0.36640625 0.06953125 0.09453125
1 0.96875 0.73515625 0.06015625 0.525