1 0.25078125 0.48671875 0.12109375 0.20078125
1 0.12421875 0.31640625 0.09453125 0.12578125
1 0.30390625 0.35546875 0.07421875 0.103125
1 0.23671875 0.278125 0.0546875 0.059375
1 0.34375 0.26953125 0.05390625 0.06875
1 0.8 0.3703125 0.14140625 0.10625
1 0.6359375 0.29453125 0.04375 0.05546875
1 0.71875 0.2828125 0.0515625 0.06796875
1 0.5453125 0.23984375 0.06015625 0.05546875
1 0.6625 0.20703125 0.04375 0.109375
1 0.571875 0.125 0.05 0.07421875
1 0.459375 0.21640625 0.0328125 0.06875
1 0.403125 0.21640625 0.02734375 0.06015625
1 0.36015625 0.10078125 0.05625 0.09453125
1 0.3125 0.1546875 0.0421875 0.0703125
1 0.2734375 0.22734375 0.04921875 0.08671875