1 0.3390625 0.67890625 0.30546875 0.63671875
1 0.48125 0.309375 0.0765625 0.24375
1 0.33203125 0.23125 0.05234375 0.1703125
1 0.39375 0.553125 0.17890625 0.4546875
1 0.42734375 0.2453125 0.06328125 0.15
1 0.13125 0.353125 0.0828125 0.08671875
1 0.7109375 0.29140625 0.05390625 0.06640625
1 0.83984375 0.3921875 0.08046875 0.059375
1 0.66640625 0.2328125 0.0515625 0.0875
1 0.5453125 0.440625 0.12265625 0.3953125
1 0.69765625 0.4109375 0.08203125 0.30703125
1 0.5015625 0.1828125 0.0265625 0.0890625
1 0.53125 0.18671875 0.0265625 0.07734375
1 0.27109375 0.25234375 0.04453125 0.0375