1 0.4140625 0.16328125 0.0625 0.1171875
1 0.32578125 0.33125 0.0421875 0.075
1 0.4046875 0.3796875 0.0625 0.07578125
1 0.36953125 0.4328125 0.0546875 0.10625
1 0.2890625 0.38515625 0.03046875 0.05390625
1 0.15859375 0.425 0.05859375 0.071875
1 0.3109375 0.546875 0.16796875 0.26640625
1 0.04140625 0.615625 0.0828125 0.11875
1 0.28125 0.896875 0.31015625 0.20546875
1 0.7375 0.396875 0.059375 0.0671875
1 0.6890625 0.346875 0.07421875 0.11171875
1 0.60546875 0.409375 0.07109375 0.10234375
1 0.58671875 0.3546875 0.075 0.07109375
1 0.80703125 0.52734375 0.096875 0.09453125
1 0.35234375 0.2984375 0.0328125 0.03515625