1 0.3578125 0.23515625 0.05234375 0.0578125
1 0.29453125 0.37109375 0.05859375 0.04609375
1 0.39453125 0.359375 0.07734375 0.059375
1 0.40625 0.4078125 0.0625 0.06953125
1 0.365625 0.48046875 0.084375 0.1
1 0.196875 0.55859375 0.16484375 0.1828125
1 0.15625 0.44765625 0.1140625 0.07109375
1 0.0265625 0.63125 0.053125 0.20625
1 0.30546875 0.903125 0.2484375 0.19375
1 0.57421875 0.3703125 0.0453125 0.065625
1 0.50625 0.36484375 0.0578125 0.10859375
1 0.43828125 0.3484375 0.0859375 0.08125
1 0.59609375 0.41953125 0.075 0.07734375
1 0.67578125 0.3640625 0.0734375 0.07109375
1 0.73203125 0.41171875 0.05546875 0.071875
1 0.80859375 0.52265625 0.0828125 0.1