1 0.684375 0.69375 0.24140625 0.6078125
1 0.26796875 0.64921875 0.30078125 0.69453125
1 0.1203125 0.40859375 0.20625 0.4328125
1 0.34921875 0.3734375 0.15703125 0.53125
1 0.71015625 0.18203125 0.0921875 0.3328125
1 0.775 0.34765625 0.1453125 0.33984375
1 0.809375 0.603125 0.3796875 0.54375
1 0.2203125 0.16953125 0.09296875 0.2765625
1 0.5890625 0.4640625 0.18203125 0.65703125
1 0.46171875 0.17578125 0.08828125 0.35078125
1 0.55234375 0.290625 0.18671875 0.54609375
1 0.54453125 0.0703125 0.09609375 0.140625
1 0.078125 0.63671875 0.15625 0.7171875
1 0.2546875 0.07421875 0.09921875 0.14765625
1 0.18828125 0.91328125 0.203125 0.16875
1 0.49921875 0.49921875 0.99375 0.99375