1 0.22578125 0.47265625 0.14609375 0.36640625
1 0.6875 0.4765625 0.1015625 0.23984375
1 0.9171875 0.40859375 0.103125 0.2796875
1 0.9703125 0.54609375 0.059375 0.42265625
1 0.18125 0.928125 0.26640625 0.14296875
1 0.29765625 0.2 0.07734375 0.21953125
1 0.56953125 0.2140625 0.08046875 0.203125
1 0.74296875 0.22109375 0.06484375 0.1921875
1 0.68671875 0.06171875 0.0609375 0.12265625
1 0.03671875 0.29140625 0.06875 0.23671875
1 0.12109375 0.0953125 0.10234375 0.13828125
1 0.50234375 0.078125 0.06953125 0.140625
1 0.18125 0.015625 0.05546875 0.03046875