1 0.73203125 0.7296875 0.25078125 0.5359375
1 0.30859375 0.6859375 0.29375 0.621875
1 0.09921875 0.65546875 0.1984375 0.6828125
1 0.16484375 0.48671875 0.1875 0.453125
1 0.23671875 0.24765625 0.11640625 0.29296875
1 0.74140625 0.24765625 0.09609375 0.32109375
1 0.634375 0.6 0.18046875 0.78984375
1 0.28359375 0.1125 0.109375 0.225
1 0.809375 0.41875 0.14140625 0.33359375
1 0.39140625 0.59453125 0.1640625 0.7984375
1 0.49140625 0.14296875 0.08515625 0.2859375
1 0.55390625 0.4921875 0.13203125 0.809375
1 0.203125 0.95390625 0.1734375 0.0890625
1 0.578125 0.125 0.10546875 0.25
1 0.63359375 0.0609375 0.03984375 0.12109375
1 0.68984375 0.10625 0.0828125 0.2125
1 0.49921875 0.49921875 0.9953125 0.99609375