1 0.43828125 0.23359375 0.178125 0.4671875
1 0.66328125 0.134375 0.0421875 0.05390625
1 0.59609375 0.08046875 0.0578125 0.12109375
1 0.746875 0.2078125 0.071875 0.04609375
1 0.67265625 0.17890625 0.0390625 0.0515625
1 0.6390625 0.2609375 0.0421875 0.0515625
1 0.6421875 0.32265625 0.07421875 0.09609375
1 0.8484375 0.27734375 0.1015625 0.059375
1 0.75703125 0.40078125 0.14375 0.13515625
1 0.23203125 0.45 0.1515625 0.19453125
1 0.165625 0.29375 0.0953125 0.0640625
1 0.0375 0.54921875 0.07421875 0.15390625
1 0.27734375 0.2671875 0.0546875 0.0640625
1 0.334375 0.35859375 0.06796875 0.07578125