1 0.85 0.42578125 0.07890625 0.09296875
1 0.78828125 0.53984375 0.16484375 0.2140625
1 0.44921875 0.0796875 0.14453125 0.15859375
1 0.25859375 0.5921875 0.12109375 0.21015625
1 0.75 0.35859375 0.06640625 0.065625
1 0.6765625 0.45 0.0734375 0.1125
1 0.98125 0.6125 0.03671875 0.27578125
1 0.615625 0.68515625 0.11484375 0.5921875
1 0.0375 0.659375 0.075 0.2359375
1 0.18828125 0.465625 0.103125 0.14765625
1 0.690625 0.346875 0.040625 0.025
1 0.57734375 0.1234375 0.08515625 0.23359375
1 0.2828125 0.4015625 0.05546875 0.06640625
1 0.303125 0.48671875 0.02109375 0.084375
1 0.58203125 0.24453125 0.0734375 0.18671875
1 0.29609375 0.35859375 0.01640625 0.0359375