1 0.390625 0.6625 0.26171875 0.6671875
1 0.784375 0.71328125 0.2703125 0.56953125
1 0.240625 0.42578125 0.18203125 0.4875
1 0.8890625 0.4515625 0.153125 0.45703125
1 0.8171875 0.221875 0.10859375 0.33828125
1 0.63515625 0.409375 0.16328125 0.7328125
1 0.12890625 0.62890625 0.2578125 0.7328125
1 0.52421875 0.340625 0.3046875 0.68125
1 0.3109375 0.19609375 0.11171875 0.321875
1 0.77734375 0.0890625 0.09140625 0.17734375
1 0.709375 0.584375 0.17890625 0.821875
1 0.30546875 0.91796875 0.21171875 0.16015625
1 0.94921875 0.784375 0.09921875 0.42265625
1 0.6375 0.1296875 0.12734375 0.25859375
1 0.92578125 0.06484375 0.06015625 0.1296875
1 0.49921875 0.49921875 0.9953125 0.99453125