1 0.10859375 0.2859375 0.0796875 0.14296875
1 0.3109375 0.475 0.134375 0.228125
1 0.03125 0.4328125 0.0625 0.27578125
1 0.24765625 0.9 0.2421875 0.2
1 0.7421875 0.58359375 0.1140625 0.2203125
1 0.98125 0.51640625 0.0375 0.2046875
1 0.8453125 0.275 0.08046875 0.16796875
1 0.63203125 0.25390625 0.0640625 0.15859375
1 0.59921875 0.10859375 0.0609375 0.125
1 0.76796875 0.1140625 0.07421875 0.12578125
1 0.7078125 0.03515625 0.053125 0.0703125
1 0.57578125 0.0234375 0.0375 0.046875
1 0.20234375 0.09140625 0.09921875 0.14140625
1 0.35390625 0.23515625 0.10390625 0.1703125
1 0.253125 0.01484375 0.04375 0.0296875