1 0.309375 0.74609375 0.13125 0.17890625
1 0.10546875 0.778125 0.20859375 0.4359375
1 0.303125 0.246875 0.1171875 0.24921875
1 0.5125 0.06953125 0.11328125 0.13828125
1 0.18359375 0.38046875 0.0890625 0.1265625
1 0.2953125 0.15625 0.05625 0.07578125
1 0.546875 0.36875 0.2953125 0.7234375
1 0.3734375 0.09296875 0.04453125 0.0765625
1 0.3921875 0.03203125 0.05234375 0.06328125
1 0.26875 0.21953125 0.01171875 0.05703125
1 0.41796875 0.1578125 0.05625 0.07421875
1 0.67734375 0.025 0.04375 0.04921875
1 0.66875 0.08828125 0.0796875 0.1765625
1 0.43203125 0.07578125 0.04296875 0.0625