1 0.2890625 0.65234375 0.33359375 0.6890625
1 0.46953125 0.346875 0.16953125 0.69296875
1 0.79921875 0.42734375 0.16328125 0.22421875
1 0.3875 0.4984375 0.15234375 0.453125
1 0.83359375 0.353125 0.09453125 0.07421875
1 0.14140625 0.30859375 0.084375 0.09375
1 0.3546875 0.14453125 0.10390625 0.18125
1 0.7265625 0.26328125 0.05234375 0.05078125
1 0.60625 0.253125 0.05390625 0.06328125
1 0.66953125 0.2484375 0.07578125 0.1875
1 0.66875 0.1984375 0.053125 0.08515625
1 0.62109375 0.30859375 0.08515625 0.17578125
1 0.2875 0.20703125 0.0515625 0.05546875
1 0.565625 0.20625 0.04296875 0.0671875
1 0.4 0.08125 0.08359375 0.1625