1 0.86171875 0.5671875 0.2734375 0.865625
1 0.71328125 0.12421875 0.03984375 0.09296875
1 0.67109375 0.03515625 0.0359375 0.0515625
1 0.58125 0.05234375 0.06484375 0.1046875
1 0.48671875 0.13125 0.09375 0.1625
1 0.43515625 0.10703125 0.034375 0.09609375
1 0.4015625 0.2078125 0.05859375 0.08828125
1 0.36953125 0.396875 0.07109375 0.15
1 0.359375 0.7953125 0.22265625 0.40703125
1 0.06796875 0.76171875 0.13515625 0.29375
1 0.1921875 0.43125 0.1734375 0.1296875
1 0.2953125 0.21171875 0.090625 0.13515625
1 0.31796875 0.10390625 0.03828125 0.08125
1 0.36640625 0.0296875 0.0625 0.05859375