1 0.23125 0.51796875 0.11484375 0.32265625
1 0.6859375 0.4921875 0.090625 0.24765625
1 0.9328125 0.425 0.0953125 0.2609375
1 0.9765625 0.5125 0.046875 0.4125
1 0.1453125 0.940625 0.171875 0.11875
1 0.2890625 0.246875 0.08046875 0.2140625
1 0.56953125 0.25234375 0.08046875 0.209375
1 0.7421875 0.2390625 0.0984375 0.1765625
1 0.6671875 0.0859375 0.07421875 0.1421875
1 0.6328125 0.01875 0.046875 0.0296875
1 0.50078125 0.0140625 0.03828125 0.02421875
1 0.496875 0.096875 0.05390625 0.14453125
1 0.05 0.32890625 0.09140625 0.1796875
1 0.1296875 0.14453125 0.0859375 0.1421875
1 0.178125 0.0375 0.06640625 0.07109375