1 0.29375 0.66484375 0.38515625 0.66484375
1 0.3890625 0.52578125 0.165625 0.4375
1 0.47734375 0.325 0.08046875 0.29140625
1 0.85 0.35625 0.0875 0.08984375
1 0.32890625 0.20625 0.04609375 0.17109375
1 0.13671875 0.32421875 0.08359375 0.09375
1 0.4234375 0.23125 0.06484375 0.15
1 0.65234375 0.21171875 0.0484375 0.08515625
1 0.7265625 0.27578125 0.05390625 0.05546875
1 0.59296875 0.26484375 0.0546875 0.0671875
1 0.28203125 0.22421875 0.04453125 0.05
1 0.3953125 0.38515625 0.1140625 0.3140625
1 0.5421875 0.228125 0.04609375 0.078125
1 0.6984375 0.32890625 0.10859375 0.1609375
1 0.57421875 0.4078125 0.14609375 0.353125
1 0.36875 0.2640625 0.0609375 0.065625
1 0.43828125 0.29921875 0.09453125 0.2859375
1 0.80625 0.43046875 0.17578125 0.23984375