1 0.73984375 0.7015625 0.25078125 0.5921875
1 0.3390625 0.653125 0.31328125 0.68828125
1 0.1859375 0.3921875 0.18828125 0.47890625
1 0.10234375 0.62421875 0.20390625 0.74453125
1 0.25234375 0.1796875 0.11328125 0.31875
1 0.65078125 0.5640625 0.1796875 0.859375
1 0.3796875 0.40234375 0.18046875 0.534375
1 0.771875 0.1828125 0.121875 0.325
1 0.8265625 0.32265625 0.1484375 0.28828125
1 0.19140625 0.91171875 0.2046875 0.17265625
1 0.7078125 0.06953125 0.0875 0.1390625
1 0.5921875 0.25 0.1546875 0.4484375
1 0.5953125 0.46796875 0.1515625 0.89140625
1 0.12421875 0.178125 0.10703125 0.34453125
1 0.80703125 0.540625 0.26328125 0.72265625
1 0.58515625 0.12421875 0.1171875 0.2484375
1 0.925 0.70390625 0.14921875 0.5890625
1 0.49921875 0.49921875 0.99453125 0.99375