1 0.4890625 0.10703125 0.1703125 0.20625
1 0.5625 0.17578125 0.0890625 0.21015625
1 0.73671875 0.32890625 0.06328125 0.0484375
1 0.66484375 0.25546875 0.05546875 0.09609375
1 0.68203125 0.41953125 0.06953125 0.1140625
1 0.87109375 0.41328125 0.09765625 0.10625
1 0.80078125 0.61484375 0.22421875 0.3546875
1 0.978125 0.56171875 0.04296875 0.19140625
1 0.28359375 0.37734375 0.04765625 0.08828125
1 0.29921875 0.3265625 0.07265625 0.0671875
1 0.1765625 0.446875 0.0828125 0.15859375
1 0.28984375 0.5734375 0.13515625 0.2390625
1 0.0265625 0.66640625 0.05234375 0.2484375