1 0.33671875 0.6765625 0.30859375 0.640625
1 0.478125 0.30546875 0.08203125 0.2375
1 0.38671875 0.5515625 0.1890625 0.46796875
1 0.34140625 0.2234375 0.06171875 0.1703125
1 0.08515625 0.290625 0.04921875 0.109375
1 0.53671875 0.40703125 0.134375 0.3484375
1 0.1296875 0.34765625 0.084375 0.0828125
1 0.71640625 0.28515625 0.05390625 0.0671875
1 0.4265625 0.240625 0.06875 0.140625
1 0.840625 0.38671875 0.08046875 0.059375
1 0.7984375 0.46015625 0.16484375 0.20859375
1 0.66328125 0.22734375 0.05546875 0.08515625
1 0.27890625 0.24296875 0.0453125 0.04140625
1 0.14140625 0.39765625 0.10859375 0.18203125
1 0.39765625 0.40546875 0.109375 0.303125
1 0.3890625 0.18359375 0.03046875 0.11875