1 0.225 0.0765625 0.0484375 0.115625
1 0.10546875 0.2609375 0.09453125 0.1625
1 0.3890625 0.2140625 0.08203125 0.16953125
1 0.3046875 0.43984375 0.09140625 0.20703125
1 0.025 0.4171875 0.05 0.246875
1 0.22734375 0.9 0.228125 0.2
1 0.71875 0.528125 0.10625 0.1953125
1 0.9734375 0.52890625 0.053125 0.275
1 0.821875 0.2953125 0.07890625 0.14921875
1 0.6375 0.24609375 0.07890625 0.1515625
1 0.76171875 0.1046875 0.06328125 0.13046875
1 0.6015625 0.109375 0.04921875 0.10234375
1 0.72421875 0.0234375 0.034375 0.046875