1 0.21328125 0.1 0.103125 0.146875
1 0.15546875 0.22265625 0.09609375 0.165625
1 0.03359375 0.41953125 0.0671875 0.29375
1 0.228125 0.8953125 0.2390625 0.209375
1 0.3515625 0.4828125 0.14921875 0.28125
1 0.359375 0.2171875 0.0921875 0.16484375
1 0.7328125 0.51328125 0.15546875 0.23828125
1 0.96171875 0.52734375 0.07578125 0.26328125
1 0.8484375 0.3046875 0.08046875 0.18515625
1 0.79609375 0.12578125 0.08984375 0.13984375
1 0.65234375 0.2515625 0.0734375 0.14609375
1 0.6015625 0.11328125 0.06328125 0.1
1 0.575 0.01171875 0.03359375 0.02265625
1 0.72265625 0.02890625 0.0796875 0.0578125