1 0.40546875 0.60078125 0.140625 0.38359375
1 0.1703125 0.71171875 0.30703125 0.57109375
1 0.4125 0.2953125 0.08828125 0.175
1 0.7953125 0.57734375 0.11640625 0.23359375
1 0.36796875 0.87265625 0.22734375 0.25078125
1 0.68828125 0.403125 0.07734375 0.184375
1 0.50390625 0.421875 0.078125 0.2484375
1 0.8046875 0.51875 0.09609375 0.115625
1 0.46171875 0.38046875 0.06328125 0.178125
1 0.3171875 0.34765625 0.0421875 0.05703125
1 0.71953125 0.46484375 0.10703125 0.165625
1 0.74453125 0.41484375 0.05703125 0.0640625
1 0.021875 0.74609375 0.04375 0.5015625
1 0.5640625 0.5328125 0.10234375 0.34375
1 0.18515625 0.43671875 0.08515625 0.0921875
1 0.2703125 0.396875 0.05234375 0.0296875
1 0.3328125 0.3625 0.0734375 0.0890625
1 0.515625 0.3765625 0.05703125 0.1578125