1 0.26796875 0.028125 0.0703125 0.05625
1 0.2359375 0.140625 0.0703125 0.1609375
1 0.1171875 0.296875 0.1140625 0.18359375
1 0.3578125 0.25859375 0.09296875 0.1671875
1 0.31328125 0.503125 0.14765625 0.2703125
1 0.0390625 0.4328125 0.078125 0.27578125
1 0.7328125 0.56171875 0.10546875 0.2265625
1 0.96640625 0.5515625 0.0671875 0.24375
1 0.83046875 0.3234375 0.08046875 0.19609375
1 0.6296875 0.290625 0.0921875 0.1484375
1 0.74921875 0.14140625 0.06328125 0.13046875
1 0.58046875 0.1484375 0.05390625 0.10234375
1 0.58046875 0.0359375 0.06015625 0.071875
1 0.7203125 0.0515625 0.06328125 0.103125
1 0.5015625 0.053125 0.078125 0.08671875