1 0.40546875 0.2109375 0.06875 0.07734375
1 0.3453125 0.28515625 0.05703125 0.07890625
1 0.30390625 0.3375 0.04609375 0.06015625
1 0.25 0.37265625 0.04296875 0.05
1 0.1484375 0.4046875 0.08203125 0.10390625
1 0.23984375 0.528125 0.13984375 0.1734375
1 0.36484375 0.43984375 0.0625 0.0734375
1 0.40234375 0.39296875 0.04921875 0.07734375
1 0.4125 0.3390625 0.04296875 0.05546875
1 0.27734375 0.903125 0.38125 0.19375
1 0.0609375 0.56171875 0.12109375 0.11015625
1 0.74453125 0.36875 0.06328125 0.09453125
1 0.69453125 0.31484375 0.065625 0.09453125
1 0.6578125 0.3046875 0.0421875 0.0484375
1 0.5765625 0.36484375 0.05390625 0.08671875
1 0.56640625 0.3328125 0.04453125 0.08046875
1 0.55390625 0.3203125 0.05234375 0.05234375
1 0.81640625 0.47109375 0.07109375 0.0921875
1 0.98828125 0.61015625 0.0234375 0.2203125
1 0.46796875 0.37421875 0.07578125 0.1890625