1 0.38125 0.80234375 0.22421875 0.378125
1 0.584375 0.27578125 0.05703125 0.08671875
1 0.79609375 0.40078125 0.0953125 0.11484375
1 0.15859375 0.31953125 0.0875 0.09921875
1 0.3953125 0.26484375 0.059375 0.0625
1 0.390625 0.353125 0.07265625 0.13671875
1 0.7359375 0.29375 0.053125 0.06328125
1 0.2015625 0.434375 0.1515625 0.2125
1 0.5765625 0.23046875 0.05078125 0.07109375
1 0.4125 0.2484375 0.0375 0.03671875
1 0.696875 0.23125 0.04921875 0.084375
1 0.29765625 0.2265625 0.0453125 0.05078125
1 0.665625 0.2234375 0.02265625 0.03046875
1 0.26328125 0.2734375 0.04453125 0.02734375
1 0.50234375 0.3140625 0.07265625 0.3140625
1 0.275 0.30390625 0.0921875 0.13203125
1 0.4546875 0.27109375 0.06328125 0.19296875
1 0.2359375 0.36875 0.07734375 0.10390625
1 0.36015625 0.1296875 0.0515625 0.07578125