1 0.7296875 0.69296875 0.24921875 0.60859375
1 0.37265625 0.3890625 0.18359375 0.528125
1 0.33671875 0.65546875 0.26484375 0.68125
1 0.17109375 0.4203125 0.19375 0.49296875
1 0.75625 0.184375 0.10546875 0.33984375
1 0.10234375 0.62890625 0.2046875 0.7328125
1 0.82734375 0.403125 0.15859375 0.4265625
1 0.91640625 0.6859375 0.165625 0.6234375
1 0.7015625 0.07109375 0.08203125 0.14140625
1 0.6390625 0.565625 0.18359375 0.85625
1 0.10546875 0.10390625 0.12265625 0.20625
1 0.2359375 0.16796875 0.14453125 0.30234375
1 0.571875 0.41796875 0.15234375 0.78984375
1 0.584375 0.21484375 0.12734375 0.38125
1 0.49921875 0.49921875 0.99375 0.99453125
1 0.5625 0.1203125 0.109375 0.240625