1 0.21015625 0.09765625 0.0890625 0.11328125
1 0.1296875 0.2734375 0.103125 0.15625
1 0.03984375 0.40546875 0.0796875 0.303125
1 0.32109375 0.49453125 0.096875 0.25703125
1 0.34765625 0.2484375 0.08046875 0.16953125
1 0.7671875 0.50703125 0.103125 0.2296875
1 0.9671875 0.49765625 0.065625 0.23359375
1 0.84296875 0.29140625 0.08828125 0.16328125
1 0.66015625 0.2453125 0.0671875 0.15234375
1 0.778125 0.10234375 0.05390625 0.10859375
1 0.5984375 0.1328125 0.0640625 0.0953125
1 0.60546875 0.01953125 0.05859375 0.0390625
1 0.73671875 0.01796875 0.06171875 0.0359375