1 0.725 0.690625 0.25390625 0.61328125
1 0.39140625 0.37421875 0.203125 0.53515625
1 0.8171875 0.415625 0.1390625 0.4421875
1 0.17890625 0.3703125 0.18359375 0.4953125
1 0.2421875 0.1859375 0.1234375 0.325
1 0.09765625 0.6234375 0.1953125 0.74609375
1 0.91640625 0.67734375 0.165625 0.6359375
1 0.75859375 0.190625 0.10859375 0.3296875
1 0.6375 0.56796875 0.18203125 0.85625
1 0.33203125 0.6515625 0.278125 0.6890625
1 0.7 0.07578125 0.08359375 0.1515625
1 0.23046875 0.9203125 0.24296875 0.15625
1 0.5625 0.4125 0.1703125 0.7765625
1 0.56171875 0.0984375 0.10078125 0.196875
1 0.8546875 0.1125 0.04453125 0.0890625
1 0.49921875 0.5 0.99453125 0.99453125