1 0.6703125 0.6921875 0.2421875 0.61015625
1 0.23515625 0.65546875 0.303125 0.68125
1 0.0921875 0.4171875 0.18359375 0.4640625
1 0.32734375 0.396875 0.15703125 0.5578125
1 0.1625 0.178125 0.1234375 0.2875
1 0.890625 0.66328125 0.21640625 0.66875
1 0.671875 0.175 0.08203125 0.3109375
1 0.7421875 0.34140625 0.13671875 0.3390625
1 0.5 0.4203125 0.13203125 0.803125
1 0.625 0.084375 0.07890625 0.16796875
1 0.42734375 0.103125 0.08671875 0.20625
1 0.7828125 0.66328125 0.43203125 0.66796875
1 0.57109375 0.56953125 0.18046875 0.84765625
1 0.496875 0.10234375 0.08203125 0.2046875
1 0.5 0.49921875 0.99453125 0.99453125
1 0.16484375 0.9265625 0.25078125 0.1421875
1 0.22734375 0.07890625 0.121875 0.1578125
1 0.5109375 0.22109375 0.10390625 0.403125