1 0.5984375 0.19609375 0.0671875 0.08515625
1 0.53515625 0.115625 0.0703125 0.1234375
1 0.440625 0.1375 0.1734375 0.24140625
1 0.2890625 0.34921875 0.02890625 0.18359375
1 0.2765625 0.553125 0.109375 0.3265625
1 0.1640625 0.4328125 0.0890625 0.15390625
1 0.0390625 0.64609375 0.078125 0.1671875
1 0.78671875 0.59453125 0.2140625 0.24921875
1 0.67421875 0.43828125 0.07578125 0.0828125
1 0.61171875 0.32265625 0.07109375 0.1
1 0.803125 0.38984375 0.16796875 0.1578125
1 0.86015625 0.40078125 0.0828125 0.1
1 0.971875 0.52421875 0.05546875 0.19140625
1 0.69140625 0.2859375 0.0421875 0.075