1 0.528125 0.17890625 0.14296875 0.29921875
1 0.69140625 0.29296875 0.05 0.14453125
1 0.65390625 0.1984375 0.0546875 0.146875
1 0.6484375 0.39453125 0.06171875 0.125
1 0.3734375 0.146875 0.04453125 0.13359375
1 0.39140625 0.0671875 0.071875 0.08125
1 0.25 0.09609375 0.084375 0.1046875
1 0.2546875 0.228125 0.03828125 0.10078125
1 0.31484375 0.41796875 0.06796875 0.16640625
1 0.146875 0.4046875 0.12734375 0.19921875
1 0.22578125 0.76953125 0.090625 0.26015625
1 0.68984375 0.78671875 0.6125 0.4265625