1 0.35703125 0.2796875 0.059375 0.07578125
1 0.4453125 0.34296875 0.0421875 0.0578125
1 0.49921875 0.34765625 0.03828125 0.065625
1 0.57109375 0.371875 0.04140625 0.040625
1 0.58046875 0.43984375 0.05703125 0.1046875
1 0.671875 0.35859375 0.0234375 0.04453125
1 0.6953125 0.3765625 0.06875 0.0671875
1 0.734375 0.41328125 0.0640625 0.090625
1 0.3984375 0.40703125 0.0609375 0.07109375
1 0.30859375 0.35546875 0.04609375 0.0640625
1 0.4109375 0.37265625 0.03203125 0.0421875
1 0.26796875 0.40078125 0.04296875 0.040625
1 0.3625 0.4625 0.05703125 0.09453125
1 0.16171875 0.446875 0.065625 0.08515625
1 0.21640625 0.565625 0.13671875 0.19921875
1 0.021875 0.6359375 0.04296875 0.175
1 0.346875 0.90078125 0.203125 0.19765625
1 0.81328125 0.55234375 0.0640625 0.1375