1 0.29296875 0.459375 0.11171875 0.17421875
1 0.31328125 0.33828125 0.06875 0.0625
1 0.1296875 0.31328125 0.0875 0.090625
1 0.86015625 0.3484375 0.08515625 0.0609375
1 0.734375 0.25546875 0.04140625 0.053125
1 0.65546875 0.1640625 0.046875 0.0828125
1 0.57890625 0.24453125 0.04921875 0.075
1 0.46875 0.19921875 0.03359375 0.06015625
1 0.54140625 0.203125 0.03515625 0.05234375
1 0.365625 0.2546875 0.046875 0.04765625
1 0.27734375 0.2078125 0.04453125 0.03984375
1 0.25390625 0.25546875 0.0609375 0.04140625
1 0.37578125 0.2203125 0.03671875 0.02890625
1 0.3 0.14921875 0.0453125 0.06328125
1 0.41640625 0.1765625 0.03515625 0.05859375
1 0.559375 0.096875 0.03125 0.05234375