1 0.3546875 0.6765625 0.26796875 0.64375
1 0.33125 0.184375 0.05 0.13046875
1 0.484375 0.29765625 0.07265625 0.2625
1 0.15625 0.3328125 0.0953125 0.13984375
1 0.72578125 0.26484375 0.053125 0.05390625
1 0.6671875 0.1984375 0.04765625 0.0875
1 0.5875 0.25234375 0.05390625 0.07109375
1 0.40078125 0.5140625 0.14609375 0.428125
1 0.8796875 0.4109375 0.11953125 0.17578125
1 0.86171875 0.35859375 0.08359375 0.07109375
1 0.43359375 0.303125 0.09296875 0.25703125
1 0.49765625 0.17265625 0.028125 0.059375
1 0.390625 0.14140625 0.02890625 0.10234375
1 0.2828125 0.209375 0.046875 0.053125
1 0.56328125 0.20625 0.04921875 0.06796875
1 0.36875 0.24921875 0.05546875 0.06875
1 0.634375 0.1890625 0.02890625 0.04375
1 0.80859375 0.43125 0.190625 0.215625
1 0.54375 0.38984375 0.14296875 0.346875