1 0.4078125 0.10546875 0.08984375 0.1171875
1 0.42109375 0.21953125 0.05703125 0.05234375
1 0.4203125 0.26953125 0.08515625 0.05390625
1 0.38046875 0.35859375 0.06953125 0.12109375
1 0.30234375 0.1953125 0.05546875 0.0671875
1 0.2515625 0.271875 0.05390625 0.065625
1 0.15859375 0.32265625 0.08203125 0.0921875
1 0.0203125 0.47578125 0.03984375 0.16640625
1 0.29921875 0.49140625 0.2265625 0.33984375
1 0.23984375 0.80078125 0.246875 0.3984375
1 0.84296875 0.38125 0.07421875 0.06953125
1 0.72734375 0.278125 0.05234375 0.05234375
1 0.68984375 0.20078125 0.04765625 0.06328125
1 0.58828125 0.2140625 0.05234375 0.034375
1 0.575 0.25234375 0.0859375 0.07578125
1 0.56875 0.2984375 0.07109375 0.10078125
1 0.5078125 0.20546875 0.05859375 0.06171875
1 0.9453125 0.48125 0.109375 0.28203125