1 0.25625 0.46875 0.17109375 0.26171875
1 0.125 0.34609375 0.10625 0.103125
1 0.240625 0.2859375 0.0515625 0.046875
1 0.27265625 0.2375 0.05390625 0.0515625
1 0.33671875 0.175 0.05703125 0.11015625
1 0.56875 0.26953125 0.0515625 0.09765625
1 0.7140625 0.2796875 0.07578125 0.08125
1 0.840625 0.3859375 0.08125 0.0859375
1 0.6671875 0.21796875 0.06328125 0.09453125
1 0.6453125 0.2140625 0.02734375 0.040625
1 0.3953125 0.24453125 0.03203125 0.05234375
1 0.459375 0.2453125 0.03515625 0.084375
1 0.57578125 0.11640625 0.02890625 0.04375
1 0.4125 0.19921875 0.04140625 0.0765625
1 0.3828125 0.1421875 0.03125 0.06640625
1 0.34609375 0.38203125 0.090625 0.1421875
1 0.375 0.2796875 0.0625 0.07109375
1 0.54296875 0.2375 0.03671875 0.0703125