1 0.25546875 0.42578125 0.1328125 0.1828125
1 0.42265625 0.1171875 0.17734375 0.225
1 0.04375 0.52421875 0.0875 0.3046875
1 0.30546875 0.32265625 0.06328125 0.0890625
1 0.84296875 0.25 0.07890625 0.09296875
1 0.25859375 0.22265625 0.059375 0.07265625
1 0.79609375 0.36796875 0.16796875 0.2
1 0.7390625 0.23828125 0.121875 0.17421875
1 0.55390625 0.9375 0.21484375 0.11796875
1 0.97265625 0.5109375 0.0546875 0.46171875
1 0.17109375 0.296875 0.10390625 0.125
1 0.746875 0.18125 0.06640625 0.06796875
1 0.3265625 0.1546875 0.01875 0.0375
1 0.6078125 0.17734375 0.11875 0.3546875