1 0.384375 0.21171875 0.0578125 0.1046875
1 0.4453125 0.29609375 0.03203125 0.09296875
1 0.40234375 0.34609375 0.06015625 0.03828125
1 0.39453125 0.37890625 0.06484375 0.071875
1 0.39375 0.4453125 0.10234375 0.11015625
1 0.2890625 0.31875 0.04609375 0.084375
1 0.325 0.2921875 0.04140625 0.0671875
1 0.253125 0.37265625 0.08125 0.1
1 0.14765625 0.42578125 0.06953125 0.08125
1 0.2234375 0.5421875 0.11015625 0.17578125
1 0.025 0.6203125 0.05 0.20859375
1 0.36953125 0.89296875 0.33828125 0.2140625
1 0.83671875 0.4640625 0.0640625 0.07734375
1 0.97578125 0.59765625 0.0484375 0.08046875
1 0.73125 0.36328125 0.08984375 0.07578125
1 0.6796875 0.31640625 0.0671875 0.1
1 0.65390625 0.32109375 0.04453125 0.0515625
1 0.57578125 0.390625 0.0640625 0.11953125
1 0.56796875 0.309375 0.04765625 0.05