1 0.22578125 0.86953125 0.334375 0.2578125
1 0.7265625 0.26875 0.05234375 0.05859375
1 0.85 0.36328125 0.084375 0.071875
1 0.7234375 0.378125 0.08828125 0.2703125
1 0.5734375 0.2140625 0.04609375 0.06640625
1 0.14140625 0.31484375 0.084375 0.0921875
1 0.8171875 0.440625 0.15 0.2328125
1 0.3578125 0.1484375 0.1015625 0.2078125
1 0.6671875 0.20390625 0.05390625 0.0859375
1 0.2046875 0.42734375 0.153125 0.21015625
1 0.45 0.2703125 0.0453125 0.26015625
1 0.5609375 0.30546875 0.0921875 0.20234375
1 0.3203125 0.3328125 0.084375 0.115625
1 0.3453125 0.07578125 0.0375 0.059375
1 0.49296875 0.24140625 0.0390625 0.215625