1 0.31328125 0.45390625 0.11875 0.26328125
1 0.1390625 0.28515625 0.09296875 0.165625
1 0.4046875 0.24609375 0.075 0.178125
1 0.75078125 0.57734375 0.0953125 0.22578125
1 0.86953125 0.3171875 0.075 0.15078125
1 0.8015625 0.13671875 0.065625 0.16171875
1 0.6453125 0.28203125 0.065625 0.15390625
1 0.59140625 0.12421875 0.06484375 0.10546875
1 0.740625 0.059375 0.05 0.11875
1 0.60546875 0.02109375 0.0515625 0.0421875
1 0.23125 0.12109375 0.06875 0.13046875
1 0.03984375 0.40703125 0.0796875 0.33515625
1 0.28671875 0.02578125 0.0578125 0.0515625
1 0.22578125 0.8953125 0.24609375 0.209375