1 0.3390625 0.6765625 0.30625 0.64140625
1 0.48046875 0.30078125 0.07734375 0.25078125
1 0.4296875 0.23671875 0.06015625 0.14609375
1 0.33125 0.22578125 0.05390625 0.16796875
1 0.1421875 0.3484375 0.08203125 0.0890625
1 0.66328125 0.22734375 0.05625 0.084375
1 0.16171875 0.26484375 0.053125 0.115625
1 0.39375 0.5484375 0.18125 0.4546875
1 0.83984375 0.3875 0.08125 0.059375
1 0.71171875 0.2859375 0.05390625 0.0671875
1 0.690625 0.3390625 0.0953125 0.171875
1 0.0171875 0.434375 0.034375 0.26171875
1 0.53984375 0.41640625 0.12421875 0.35625
1 0.903125 0.23515625 0.03359375 0.10625
1 0.06875 0.3609375 0.0359375 0.0484375
1 0.26875 0.246875 0.0453125 0.03671875
1 0.37578125 0.28515625 0.05703125 0.05859375
1 0.79921875 0.46171875 0.16484375 0.2078125
1 0.40078125 0.39765625 0.10703125 0.284375