1 0.475 0.39765625 0.28828125 0.7953125
1 0.78203125 0.10234375 0.071875 0.08125
1 0.6484375 0.06328125 0.10546875 0.12578125
1 0.871875 0.15625 0.08515625 0.0921875
1 0.83984375 0.2875 0.14609375 0.24453125
1 0.33828125 0.09609375 0.046875 0.06796875
1 0.2796875 0.15 0.04296875 0.08515625
1 0.325 0.24453125 0.05390625 0.0921875
1 0.17265625 0.23671875 0.1078125 0.14609375
1 0.26875 0.36953125 0.1484375 0.20859375
1 0.0328125 0.44453125 0.065625 0.2140625
1 0.59296875 0.90859375 0.2296875 0.1828125