1 0.21015625 0.07890625 0.096875 0.15
1 0.38828125 0.18984375 0.12109375 0.2171875
1 0.56328125 0.13359375 0.071875 0.1671875
1 0.6515625 0.234375 0.09921875 0.20390625
1 0.32421875 0.47109375 0.134375 0.28671875
1 0.1015625 0.25625 0.09921875 0.19609375
1 0.59375 0.02109375 0.05546875 0.0421875
1 0.7140625 0.01953125 0.04921875 0.0390625
1 0.78515625 0.090625 0.0890625 0.1453125
1 0.834375 0.2875 0.0921875 0.21015625
1 0.20390625 0.90234375 0.2296875 0.1953125
1 0.0359375 0.3890625 0.071875 0.340625
1 0.74609375 0.525 0.1609375 0.25859375
1 0.9765625 0.4796875 0.046875 0.334375