1 0.29296875 0.66484375 0.3875 0.665625
1 0.38984375 0.5265625 0.1625 0.43671875
1 0.84921875 0.36015625 0.08671875 0.08359375
1 0.4734375 0.321875 0.08203125 0.2828125
1 0.128125 0.32265625 0.0890625 0.0953125
1 0.5921875 0.26484375 0.0546875 0.0671875
1 0.3 0.24296875 0.05625 0.0984375
1 0.7265625 0.27421875 0.05390625 0.0578125
1 0.32421875 0.20703125 0.04140625 0.1671875
1 0.57421875 0.40859375 0.146875 0.35234375
1 0.74609375 0.3140625 0.09296875 0.1375
1 0.8046875 0.434375 0.17421875 0.2328125
1 0.43671875 0.29375 0.09453125 0.2640625
1 0.39453125 0.390625 0.11484375 0.334375
1 0.36875 0.26015625 0.0609375 0.0734375
1 0.5375 0.2328125 0.04765625 0.08359375
1 0.67265625 0.21015625 0.05 0.08984375
1 0.41640625 0.2234375 0.05390625 0.125
1 0.47421875 0.25390625 0.08046875 0.1453125