1 0.3546875 0.1171875 0.0609375 0.08515625
1 0.3921875 0.12578125 0.02890625 0.05546875
1 0.4375 0.1703125 0.025 0.07109375
1 0.48828125 0.20859375 0.04609375 0.07109375
1 0.3109375 0.23125 0.05625 0.084375
1 0.3984375 0.23203125 0.05546875 0.0640625
1 0.4015625 0.28203125 0.075 0.10078125
1 0.38984375 0.36796875 0.08046875 0.12109375
1 0.246875 0.26796875 0.04140625 0.06328125
1 0.15078125 0.3421875 0.07578125 0.0828125
1 0.1859375 0.475 0.178125 0.2453125
1 0.23828125 0.89296875 0.25625 0.2140625
1 0.5671875 0.1984375 0.0375 0.0515625
1 0.58515625 0.21953125 0.03125 0.0484375
1 0.64921875 0.2109375 0.034375 0.02890625
1 0.67734375 0.203125 0.0296875 0.07109375
1 0.578125 0.2875 0.0828125 0.1
1 0.75546875 0.29609375 0.09921875 0.115625
1 0.86875 0.3609375 0.0703125 0.096875