1 0.39921875 0.23046875 0.06875 0.140625
1 0.3359375 0.32265625 0.059375 0.090625
1 0.29609375 0.38203125 0.05625 0.084375
1 0.4140625 0.371875 0.0546875 0.0640625
1 0.38984375 0.41796875 0.0484375 0.06171875
1 0.36953125 0.471875 0.07734375 0.09296875
1 0.2515625 0.40703125 0.0421875 0.07578125
1 0.1796875 0.4671875 0.109375 0.146875
1 0.25546875 0.56640625 0.1484375 0.22421875
1 0.29765625 0.89765625 0.2609375 0.2046875
1 0.57265625 0.40234375 0.06015625 0.1140625
1 0.57421875 0.34140625 0.05390625 0.084375
1 0.6609375 0.33515625 0.05234375 0.0515625
1 0.7359375 0.4359375 0.05 0.10234375
1 0.69921875 0.32421875 0.0765625 0.11328125
1 0.85234375 0.51015625 0.10625 0.15