1 0.12109375 0.27109375 0.1046875 0.21015625
1 0.31875 0.2265625 0.10234375 0.18125
1 0.32890625 0.4484375 0.12421875 0.27421875
1 0.759375 0.5140625 0.10859375 0.259375
1 0.9765625 0.4625 0.046875 0.24765625
1 0.84453125 0.2609375 0.08125 0.178125
1 0.76484375 0.08515625 0.07890625 0.146875
1 0.6484375 0.23203125 0.0828125 0.20625
1 0.5796875 0.08828125 0.078125 0.153125
1 0.6953125 0.0171875 0.05625 0.034375
1 0.58671875 0.01796875 0.03984375 0.0359375
1 0.21796875 0.10078125 0.09609375 0.15703125
1 0.03984375 0.41171875 0.07890625 0.35234375
1 0.1890625 0.909375 0.23359375 0.18125