1 0.70234375 0.69375 0.24375 0.6078125
1 0.30390625 0.63515625 0.3328125 0.72421875
1 0.1515625 0.37421875 0.19140625 0.4421875
1 0.22109375 0.13984375 0.1296875 0.2796875
1 0.79765625 0.340625 0.14375 0.34765625
1 0.7546875 0.17578125 0.1328125 0.31796875
1 0.38203125 0.478125 0.15078125 0.775
1 0.0875 0.61015625 0.175 0.775
1 0.2109375 0.89921875 0.2046875 0.1984375
1 0.82421875 0.671875 0.35 0.64375
1 0.56015625 0.1953125 0.12578125 0.3890625
1 0.49140625 0.16875 0.08828125 0.3375
1 0.61015625 0.55859375 0.1859375 0.8734375
1 0.6859375 0.0703125 0.0859375 0.140625
1 0.49921875 0.49921875 0.99453125 0.9953125