1 0.3328125 0.509375 0.10625 0.18515625
1 0.05390625 0.4171875 0.1078125 0.23125
1 0.1375 0.234375 0.10234375 0.19140625
1 0.365625 0.21875 0.08515625 0.16640625
1 0.23359375 0.12265625 0.08125 0.134375
1 0.759375 0.57265625 0.10390625 0.190625
1 0.83203125 0.3 0.08046875 0.15859375
1 0.6390625 0.2578125 0.0765625 0.16953125
1 0.759375 0.13046875 0.0625 0.11796875
1 0.6046875 0.10703125 0.05 0.10703125
1 0.70859375 0.021875 0.065625 0.04375
1 0.575 0.0125 0.071875 0.025
1 0.1671875 0.91796875 0.153125 0.1640625