1 0.346875 0.81796875 0.2359375 0.35546875
1 0.24453125 0.47734375 0.15078125 0.23671875
1 0.3859375 0.38671875 0.078125 0.1359375
1 0.57578125 0.2953125 0.05390625 0.0796875
1 0.8453125 0.396875 0.08359375 0.07890625
1 0.815625 0.4984375 0.15 0.27578125
1 0.94375 0.675 0.11171875 0.596875
1 0.38671875 0.29296875 0.06015625 0.0703125
1 0.7328125 0.30859375 0.05625 0.06015625
1 0.67109375 0.24453125 0.05703125 0.0875
1 0.15625 0.3578125 0.09375 0.10546875
1 0.9765625 0.5015625 0.046875 0.2421875
1 0.7328125 0.4109375 0.07890625 0.26328125
1 0.45390625 0.29609375 0.04140625 0.1671875
1 0.65 0.2453125 0.0140625 0.0328125
1 0.25625 0.30234375 0.05 0.034375
1 0.55078125 0.21796875 0.028125 0.0578125
1 0.31484375 0.2625 0.06015625 0.07578125
1 0.38125 0.13046875 0.07109375 0.11171875