1 0.2359375 0.44765625 0.128125 0.17890625
1 0.13125 0.31953125 0.09375 0.08828125
1 0.321875 0.35703125 0.06484375 0.07578125
1 0.24296875 0.29140625 0.0578125 0.04765625
1 0.36796875 0.2859375 0.0515625 0.05
1 0.31015625 0.24375 0.06328125 0.0828125
1 0.38515625 0.24453125 0.0484375 0.040625
1 0.42109375 0.19140625 0.04296875 0.071875
1 0.478125 0.2140625 0.03671875 0.06015625
1 0.5453125 0.23125 0.0421875 0.05234375
1 0.646875 0.21953125 0.0265625 0.03671875
1 0.6796875 0.2203125 0.04296875 0.090625
1 0.60625 0.2734375 0.06640625 0.0671875
1 0.67421875 0.21171875 0.03203125 0.07578125
1 0.72578125 0.2765625 0.04921875 0.06171875
1 0.86171875 0.36953125 0.1015625 0.10859375