1 0.1421875 0.35625 0.1015625 0.109375
1 0.37890625 0.3875 0.12265625 0.0984375
1 0.20546875 0.446875 0.1515625 0.15390625
1 0.81953125 0.3859375 0.10390625 0.11171875
1 0.728125 0.29140625 0.07421875 0.09921875
1 0.6828125 0.221875 0.07734375 0.13046875
1 0.565625 0.296875 0.07109375 0.12421875
1 0.47109375 0.2140625 0.03359375 0.07734375
1 0.42578125 0.2015625 0.02890625 0.0578125
1 0.384375 0.15390625 0.03125 0.05390625
1 0.3234375 0.18515625 0.05625 0.053125
1 0.4 0.24296875 0.06328125 0.04453125
1 0.371875 0.2921875 0.06953125 0.06796875
1 0.275 0.24453125 0.06328125 0.06015625
1 0.246875 0.28671875 0.0671875 0.05703125
1 0.56796875 0.1296875 0.04140625 0.046875
1 0.3984375 0.15390625 0.065625 0.06640625