1 0.2921875 0.6609375 0.39296875 0.67265625
1 0.85703125 0.35546875 0.10078125 0.0921875
1 0.47890625 0.3 0.08125 0.2671875
1 0.375 0.51640625 0.18984375 0.440625
1 0.12109375 0.315625 0.09296875 0.09375
1 0.53984375 0.39140625 0.1390625 0.34453125
1 0.3015625 0.234375 0.08671875 0.0953125
1 0.43046875 0.21328125 0.06171875 0.15078125
1 0.6734375 0.203125 0.04921875 0.08671875
1 0.16015625 0.26953125 0.17265625 0.1859375
1 0.58203125 0.2546875 0.05390625 0.07265625
1 0.36640625 0.25703125 0.06015625 0.0640625
1 0.8125 0.42578125 0.18984375 0.23515625
1 0.72578125 0.26796875 0.05390625 0.05625
1 0.39375 0.390625 0.11640625 0.33671875
1 0.5546875 0.21171875 0.0515625 0.065625
1 0.28203125 0.21484375 0.04609375 0.05546875
1 0.51484375 0.17578125 0.02890625 0.0640625
1 0.22890625 0.22734375 0.03515625 0.10078125