1 0.48515625 0.21015625 0.05546875 0.084375
1 0.5578125 0.215625 0.04609375 0.0671875
1 0.6328125 0.184375 0.0328125 0.03828125
1 0.5796875 0.2609375 0.04921875 0.090625
1 0.67109375 0.18984375 0.053125 0.0984375
1 0.73359375 0.26171875 0.0515625 0.071875
1 0.85625 0.371875 0.075 0.1375
1 0.321875 0.1625 0.04140625 0.07109375
1 0.41171875 0.22265625 0.03515625 0.05390625
1 0.37421875 0.25703125 0.06171875 0.08671875
1 0.28203125 0.22265625 0.0640625 0.06953125
1 0.25 0.2703125 0.0546875 0.06796875
1 0.36484375 0.3515625 0.08515625 0.09609375
1 0.1359375 0.33515625 0.08125 0.121875
1 0.29453125 0.4890625 0.1578125 0.23203125
1 0.4203125 0.1703125 0.0359375 0.05