1 0.875 0.6671875 0.24765625 0.59375
1 0.2515625 0.66171875 0.34453125 0.67109375
1 0.3234375 0.44765625 0.15390625 0.60078125
1 0.09296875 0.4296875 0.184375 0.4640625
1 0.73671875 0.43828125 0.14765625 0.43125
1 0.66953125 0.221875 0.09609375 0.325
1 0.15625 0.18984375 0.13203125 0.29296875
1 0.6453125 0.7078125 0.23828125 0.57890625
1 0.215625 0.0921875 0.10546875 0.18359375
1 0.62421875 0.09609375 0.0921875 0.1921875
1 0.49609375 0.45390625 0.14921875 0.8125
1 0.5125 0.084375 0.10078125 0.16875
1 0.55625 0.52109375 0.18125 0.6859375
1 0.4296875 0.19375 0.08984375 0.3875
1 0.5078125 0.2453125 0.12578125 0.39453125
1 0.49921875 0.49921875 0.99453125 0.99375