1 0.23125 0.078125 0.09609375 0.1484375
1 0.73203125 0.01953125 0.04375 0.0390625
1 0.6515625 0.090625 0.07265625 0.1328125
1 0.67578125 0.21796875 0.06640625 0.22578125
1 0.81015625 0.0859375 0.0640625 0.1453125
1 0.8609375 0.2625 0.08828125 0.221875
1 0.79921875 0.55703125 0.14140625 0.2890625
1 0.346875 0.475 0.1078125 0.29140625
1 0.20078125 0.90625 0.25234375 0.1875
1 0.04375 0.41015625 0.0828125 0.3890625
1 0.1390625 0.25078125 0.1234375 0.24296875
1 0.359375 0.21875 0.09921875 0.23046875
1 0.9875 0.534375 0.025 0.20078125