1 0.0640625 0.04296875 0.0015625 0.00078125
1 0.24296875 0.06875 0.08828125 0.1265625
1 0.38046875 0.2046875 0.09296875 0.1875
1 0.64921875 0.1015625 0.08359375 0.121875
1 0.67578125 0.246875 0.09375 0.209375
1 0.79296875 0.09140625 0.0875 0.140625
1 0.87421875 0.2953125 0.10234375 0.17109375
1 0.4171875 0.5265625 0.12421875 0.309375
1 0.14765625 0.2234375 0.09765625 0.2328125
1 0.05 0.37890625 0.09921875 0.3234375
1 0.76328125 0.53203125 0.1328125 0.29140625
1 0.27578125 0.90078125 0.22578125 0.1984375
1 0.9671875 0.38359375 0.0078125 0.0203125
1 0.98046875 0.46015625 0.03828125 0.2390625
1 0.61796875 0.01796875 0.046875 0.03515625
1 0.74375 0.01640625 0.065625 0.0328125