1 0.6484375 0.3140625 0.0171875 0.03203125
1 0.353125 0.44453125 0.08125 0.12890625
1 0.2140625 0.53203125 0.15 0.22578125
1 0.67109375 0.36015625 0.08203125 0.1796875
1 0.39921875 0.36015625 0.05859375 0.08203125
1 0.56953125 0.32265625 0.046875 0.06171875
1 0.34375 0.91171875 0.253125 0.171875
1 0.57578125 0.365625 0.05859375 0.078125
1 0.71875 0.4390625 0.0984375 0.1671875
1 0.14921875 0.42109375 0.0890625 0.10078125
1 0.73515625 0.38125 0.053125 0.05859375
1 0.28515625 0.3265625 0.04453125 0.04609375
1 0.29375 0.39453125 0.08125 0.1640625
1 0.80546875 0.4703125 0.08203125 0.08984375
1 0.67734375 0.31328125 0.04765625 0.0875
1 0.46875 0.34453125 0.06796875 0.21796875
1 0.25 0.3734375 0.04921875 0.0265625
1 0.94453125 0.5796875 0.1109375 0.27578125
1 0.5484375 0.28828125 0.028125 0.06328125
1 0.375 0.215625 0.0453125 0.10078125