1 0.390625 0.14453125 0.0296875 0.0921875
1 0.4515625 0.190625 0.0390625 0.0578125
1 0.4859375 0.21796875 0.02734375 0.07109375
1 0.5578125 0.22421875 0.04140625 0.0671875
1 0.559375 0.26640625 0.06015625 0.08125
1 0.67421875 0.22734375 0.08515625 0.084375
1 0.7265625 0.28125 0.0359375 0.07109375
1 0.8453125 0.3828125 0.1015625 0.1328125
1 0.984375 0.51015625 0.03125 0.14296875
1 0.34453125 0.10859375 0.03984375 0.07734375
1 0.2890625 0.22734375 0.04296875 0.06328125
1 0.37890625 0.2421875 0.04296875 0.04296875
1 0.3875 0.2796875 0.04921875 0.06015625
1 0.3765625 0.36015625 0.0703125 0.1296875
1 0.25234375 0.2703125 0.046875 0.0390625
1 0.17109375 0.31015625 0.06015625 0.08515625
1 0.234375 0.43359375 0.14375 0.21171875
1 0.2375 0.8375 0.2640625 0.325