1 0.5046875 0.1046875 0.1125 0.209375
1 0.76015625 0.19765625 0.0515625 0.10390625
1 0.746875 0.10859375 0.10234375 0.115625
1 0.6671875 0.23671875 0.08046875 0.16640625
1 0.90546875 0.55703125 0.1890625 0.74453125
1 0.3 0.72578125 0.11484375 0.30625
1 0.3859375 0.39765625 0.09765625 0.18671875
1 0.17734375 0.4546875 0.08515625 0.17578125
1 0.0421875 0.6984375 0.084375 0.240625
1 0.28671875 0.19765625 0.0859375 0.20390625
1 0.4109375 0.22578125 0.0453125 0.12109375
1 0.3375 0.071875 0.04609375 0.10390625
1 0.41953125 0.075 0.04765625 0.0890625
1 0.35546875 0.03125 0.0453125 0.0625
1 0.45859375 0.02109375 0.0828125 0.0421875