1 0.51953125 0.209375 0.2125 0.41875
1 0.33046875 0.215625 0.03125 0.06328125
1 0.2796875 0.2828125 0.0625 0.0828125
1 0.31640625 0.4046875 0.10078125 0.12734375
1 0.16875 0.35703125 0.11171875 0.12890625
1 0.046875 0.55078125 0.09375 0.175
1 0.8515625 0.2875 0.08359375 0.096875
1 0.7203125 0.4390625 0.14609375 0.175
1 0.76484375 0.2171875 0.06875 0.08515625
1 0.68125 0.203125 0.05390625 0.04296875
1 0.6484375 0.29375 0.0734375 0.07578125
1 0.64375 0.165625 0.05078125 0.06015625
1 0.59375 0.0875 0.04453125 0.11953125
1 0.5984375 0.19921875 0.03671875 0.065625