1 0.11328125 0.2625 0.12109375 0.20078125
1 0.034375 0.38046875 0.0625 0.2890625
1 0.20859375 0.90703125 0.278125 0.18515625
1 0.76484375 0.53984375 0.10390625 0.2765625
1 0.9640625 0.4640625 0.071875 0.246875
1 0.2890625 0.459375 0.14921875 0.340625
1 0.3390625 0.21484375 0.10703125 0.18984375
1 0.64609375 0.22890625 0.0828125 0.21015625
1 0.83515625 0.2703125 0.0796875 0.1859375
1 0.74609375 0.1015625 0.07265625 0.13984375
1 0.1984375 0.08046875 0.09296875 0.13046875
1 0.5609375 0.02109375 0.06953125 0.03359375
1 0.7234375 0.01953125 0.06328125 0.0390625
1 0.578125 0.10234375 0.0796875 0.13046875