1 0.55546875 0.16484375 0.115625 0.303125
1 0.4921875 0.0953125 0.034375 0.08203125
1 0.778125 0.50390625 0.22265625 0.34609375
1 0.3421875 0.25625 0.059375 0.13359375
1 0.4609375 0.24609375 0.065625 0.1234375
1 0.49921875 0.0453125 0.01796875 0.02265625
1 0.32890625 0.84453125 0.1046875 0.140625
1 0.45078125 0.0546875 0.02578125 0.0296875
1 0.0375 0.76953125 0.071875 0.2125
1 0.390625 0.16015625 0.0609375 0.13203125
1 0.23046875 0.4703125 0.05625 0.14453125
1 0.41640625 0.0984375 0.03125 0.05546875
1 0.528125 0.025 0.03671875 0.05
1 0.39765625 0.46015625 0.03515625 0.0625
1 0.4671875 0.18046875 0.02109375 0.02890625
1 0.6328125 0.13984375 0.053125 0.084375
1 0.25078125 0.8734375 0.0296875 0.05703125
1 0.01171875 0.86875 0.0234375 0.10859375
1 0.32265625 0.28671875 0.01640625 0.0234375
1 0.440625 0.29140625 0.021875 0.028125
1 0.803125 0.92578125 0.10859375 0.13828125
1 0.27734375 0.85390625 0.02734375 0.0375
1 0.42421875 0.328125 0.034375 0.05390625