1 0.70546875 0.696875 0.2453125 0.6
1 0.2984375 0.64921875 0.31015625 0.696875
1 0.15859375 0.38828125 0.19453125 0.4515625
1 0.8046875 0.4125 0.14921875 0.44453125
1 0.91171875 0.68125 0.17421875 0.63125
1 0.378125 0.40625 0.1640625 0.57734375
1 0.22421875 0.16875 0.13203125 0.315625
1 0.74609375 0.19765625 0.11328125 0.33828125
1 0.0875 0.61875 0.175 0.75625
1 0.21796875 0.91015625 0.228125 0.17578125
1 0.8625 0.121875 0.10546875 0.18203125
1 0.28515625 0.07421875 0.09765625 0.14765625
1 0.69140625 0.0796875 0.0953125 0.159375
1 0.5484375 0.41875 0.128125 0.803125
1 0.61796875 0.56640625 0.18359375 0.85859375
1 0.55390625 0.21640625 0.10546875 0.39609375
1 0.4875 0.09765625 0.08125 0.1953125
1 0.553125 0.090625 0.0875 0.18125
1 0.49921875 0.49921875 0.99453125 0.9953125
1 0.86875 0.196875 0.11953125 0.33203125