1 0.39453125 0.12734375 0.0375 0.06328125
1 0.42421875 0.1859375 0.02734375 0.059375
1 0.484375 0.215625 0.03359375 0.06171875
1 0.5703125 0.22421875 0.0578125 0.06328125
1 0.64375 0.1921875 0.04140625 0.040625
1 0.553125 0.190625 0.02890625 0.03671875
1 0.671875 0.19921875 0.03671875 0.090625
1 0.72109375 0.2734375 0.0625 0.07734375
1 0.8546875 0.36796875 0.05859375 0.08671875
1 0.3859375 0.225 0.0359375 0.0328125
1 0.3796875 0.25703125 0.0578125 0.07109375
1 0.359375 0.33203125 0.0765625 0.09453125
1 0.27421875 0.22890625 0.06640625 0.071875
1 0.2390625 0.284375 0.04375 0.071875
1 0.14609375 0.32265625 0.1328125 0.11015625
1 0.3140625 0.47109375 0.14140625 0.190625