1 0.4078125 0.1375 0.04921875 0.10078125
1 0.45 0.28984375 0.0734375 0.240625
1 0.38359375 0.31875 0.07265625 0.08125
1 0.34453125 0.24609375 0.06171875 0.08515625
1 0.3078125 0.278125 0.0546875 0.07890625
1 0.25 0.33125 0.06640625 0.08515625
1 0.40234375 0.40546875 0.1109375 0.12890625
1 0.16171875 0.36796875 0.0921875 0.0890625
1 0.23984375 0.4875 0.1375 0.20625
1 0.0265625 0.5546875 0.053125 0.209375
1 0.3984375 0.8234375 0.365625 0.35234375
1 0.8171875 0.4546875 0.1328125 0.1390625
1 0.9765625 0.57734375 0.046875 0.17578125
1 0.73359375 0.3359375 0.0625 0.0734375
1 0.675 0.2578125 0.05078125 0.06953125
1 0.65625 0.25859375 0.0359375 0.04453125
1 0.55546875 0.27578125 0.053125 0.07109375
1 0.58671875 0.34375 0.0875 0.1