1 0.29140625 0.6625 0.39140625 0.6703125
1 0.5390625 0.39765625 0.13671875 0.34921875
1 0.12109375 0.31796875 0.0921875 0.09375
1 0.47734375 0.30390625 0.084375 0.26484375
1 0.79296875 0.41328125 0.15546875 0.2625
1 0.30234375 0.2375 0.0859375 0.096875
1 0.43046875 0.21484375 0.06015625 0.14765625
1 0.375 0.51875 0.18984375 0.4390625
1 0.6734375 0.2046875 0.05 0.08671875
1 0.58046875 0.259375 0.05390625 0.071875
1 0.72734375 0.26953125 0.053125 0.0578125
1 0.36640625 0.26015625 0.06015625 0.06640625
1 0.39453125 0.39453125 0.11640625 0.33984375
1 0.2828125 0.2171875 0.046875 0.05546875
1 0.5296875 0.27578125 0.0828125 0.1875
1 0.73046875 0.21875 0.03203125 0.05859375
1 0.81015625 0.33984375 0.15 0.115625