1 0.28671875 0.66484375 0.37578125 0.66171875
1 0.40546875 0.55859375 0.14140625 0.4859375
1 0.76015625 0.46328125 0.09921875 0.22265625
1 0.35625 0.1703125 0.10078125 0.196875
1 0.22578125 0.91640625 0.33984375 0.16328125
1 0.72890625 0.29609375 0.05546875 0.05625
1 0.67265625 0.23046875 0.0484375 0.08515625
1 0.58046875 0.28359375 0.0609375 0.0765625
1 0.48828125 0.403125 0.075 0.40234375
1 0.1453125 0.33984375 0.0890625 0.09375
1 0.2953125 0.23984375 0.046875 0.0625
1 0.490625 0.28671875 0.06640625 0.17109375
1 0.3953125 0.1921875 0.03359375 0.1296875
1 0.3921875 0.1609375 0.02578125 0.06640625
1 0.43515625 0.24609375 0.05546875 0.1546875