1 0.2421875 0.08671875 0.0703125 0.13203125
1 0.36171875 0.20546875 0.109375 0.21875
1 0.32265625 0.48125 0.1453125 0.32578125
1 0.7296875 0.5734375 0.1609375 0.3296875
1 0.6546875 0.22109375 0.08671875 0.18359375
1 0.85859375 0.2875 0.0921875 0.1953125
1 0.2421875 0.90078125 0.20546875 0.1984375
1 0.12890625 0.26015625 0.1171875 0.21015625
1 0.59765625 0.09296875 0.08046875 0.15234375
1 0.77734375 0.10078125 0.10078125 0.1609375
1 0.73515625 0.05859375 0.10078125 0.1140625
1 0.59765625 0.021875 0.06015625 0.04375