1 0.43125 0.16484375 0.028125 0.06953125
1 0.47890625 0.171875 0.03359375 0.06015625
1 0.5578125 0.209375 0.04140625 0.0671875
1 0.68125 0.2078125 0.053125 0.08828125
1 0.65 0.18671875 0.02265625 0.0265625
1 0.58515625 0.25703125 0.0796875 0.075
1 0.7453125 0.271875 0.06328125 0.07890625
1 0.85 0.35078125 0.084375 0.09453125
1 0.38671875 0.2171875 0.0390625 0.05625
1 0.36328125 0.24765625 0.05234375 0.05625
1 0.33046875 0.33125 0.0703125 0.09453125
1 0.29296875 0.20625 0.0546875 0.05
1 0.34296875 0.16015625 0.04609375 0.08671875
1 0.23359375 0.253125 0.04296875 0.03671875
1 0.1375 0.31640625 0.0953125 0.15
1 0.24609375 0.45703125 0.14375 0.23359375