1 0.39375 0.6296875 0.18203125 0.46015625
1 0.30390625 0.309375 0.09921875 0.16015625
1 0.43203125 0.31796875 0.06171875 0.14375
1 0.690625 0.4203125 0.09296875 0.1671875
1 0.11484375 0.42421875 0.07890625 0.078125
1 0.7640625 0.54609375 0.10078125 0.2
1 0.34375 0.45390625 0.0796875 0.1078125
1 0.665625 0.309375 0.04765625 0.084375
1 0.71015625 0.36953125 0.053125 0.0640625
1 0.53125 0.51484375 0.10859375 0.3953125
1 0.36875 0.35546875 0.05390625 0.07109375
1 0.14609375 0.53125 0.1671875 0.21171875
1 0.3296875 0.31171875 0.0453125 0.15625
1 0.08671875 0.509375 0.13671875 0.2484375
1 0.65625 0.33203125 0.0671875 0.12890625
1 0.47890625 0.3625 0.07734375 0.19296875
1 0.2796875 0.7109375 0.43671875 0.57421875