1 0.38828125 0.21015625 0.0546875 0.11796875
1 0.38515625 0.3640625 0.0546875 0.10625
1 0.37734375 0.446875 0.06796875 0.140625
1 0.30546875 0.30703125 0.0734375 0.0921875
1 0.24921875 0.375 0.0546875 0.06171875
1 0.15078125 0.4359375 0.08203125 0.13671875
1 0.26640625 0.56171875 0.19765625 0.32265625
1 0.56640625 0.3015625 0.040625 0.059375
1 0.56640625 0.36171875 0.0671875 0.08828125
1 0.64765625 0.2875 0.0328125 0.0421875
1 0.67890625 0.28984375 0.034375 0.08515625
1 0.73671875 0.3640625 0.05078125 0.07109375
1 0.90234375 0.515625 0.1953125 0.23359375
1 0.98125 0.58984375 0.0375 0.2328125
1 0.34375 0.8875 0.303125 0.225
1 0.446875 0.33984375 0.0734375 0.25234375