1 0.82421875 0.384375 0.3515625 0.73125
1 0.53125 0.22109375 0.1484375 0.40859375
1 0.87734375 0.49921875 0.0859375 0.125
1 0.2984375 0.7359375 0.14453125 0.3375
1 0.046875 0.7953125 0.09296875 0.38828125
1 0.19921875 0.4609375 0.13125 0.1890625
1 0.37265625 0.4234375 0.06015625 0.1640625
1 0.403125 0.2046875 0.053125 0.1390625
1 0.20859375 0.246875 0.1953125 0.17890625
1 0.3140625 0.0828125 0.0546875 0.1
1 0.3515625 0.03046875 0.0375 0.0609375
1 0.434375 0.0390625 0.03046875 0.06015625
1 0.43046875 0.11484375 0.04453125 0.09296875