1 0.11484375 0.25078125 0.1171875 0.1890625
1 0.3015625 0.4421875 0.1296875 0.29140625
1 0.75625 0.5078125 0.09921875 0.24921875
1 0.23125 0.89921875 0.2390625 0.1953125
1 0.37890625 0.19296875 0.07890625 0.171875
1 0.0359375 0.35 0.071875 0.325
1 0.221875 0.075 0.10234375 0.14140625
1 0.57890625 0.0796875 0.0796875 0.1578125
1 0.6421875 0.2203125 0.0828125 0.2265625
1 0.8375 0.27578125 0.0828125 0.16484375
1 0.978125 0.51875 0.04375 0.25
1 0.75859375 0.09765625 0.06484375 0.1625
1 0.72265625 0.01640625 0.05859375 0.0328125
1 0.29140625 0.01640625 0.07578125 0.03203125
1 0.5125 0.01953125 0.05625 0.0390625