1 0.77421875 0.71484375 0.4515625 0.5671875
1 0.50546875 0.49453125 0.09140625 0.25859375
1 0.51171875 0.3515625 0.05 0.115625
1 0.48515625 0.2640625 0.04609375 0.0921875
1 0.4609375 0.27734375 0.04765625 0.10234375
1 0.42890625 0.2859375 0.04921875 0.1046875
1 0.5828125 0.43359375 0.0484375 0.0984375
1 0.59609375 0.475 0.04296875 0.059375
1 0.30078125 0.34453125 0.02734375 0.0515625
1 0.2875 0.3875 0.04609375 0.07890625
1 0.24296875 0.4453125 0.08125 0.11015625
1 0.20703125 0.540625 0.0671875 0.1578125
1 0.09296875 0.79765625 0.14921875 0.303125
1 0.2765625 0.77421875 0.07109375 0.1328125
1 0.321875 0.54375 0.04140625 0.084375
1 0.34375 0.45 0.0234375 0.05625