1 0.171875 0.27890625 0.0828125 0.134375
1 0.36640625 0.4765625 0.1265625 0.24375
1 0.440625 0.2546875 0.09765625 0.15
1 0.05625 0.40078125 0.1125 0.2828125
1 0.771875 0.58515625 0.1015625 0.21796875
1 0.68515625 0.28203125 0.06484375 0.1171875
1 0.884375 0.3140625 0.0921875 0.159375
1 0.83671875 0.15625 0.06171875 0.1328125
1 0.6421875 0.14609375 0.06796875 0.1125
1 0.25546875 0.1265625 0.09921875 0.1234375
1 0.5625 0.034375 0.065625 0.06875
1 0.64140625 0.028125 0.0640625 0.05625
1 0.7578125 0.053125 0.0984375 0.10078125
1 0.3265625 0.03203125 0.06015625 0.0640625