1 0.39453125 0.12109375 0.05546875 0.06328125
1 0.28515625 0.25546875 0.05625 0.0640625
1 0.2578125 0.30625 0.065625 0.07890625
1 0.3515625 0.35078125 0.0640625 0.1
1 0.2828125 0.46640625 0.14765625 0.1890625
1 0.15703125 0.35703125 0.090625 0.1
1 0.38671875 0.2640625 0.06640625 0.0734375
1 0.49921875 0.2359375 0.040625 0.0671875
1 0.440625 0.26015625 0.06484375 0.13359375
1 0.56015625 0.24375 0.04921875 0.0671875
1 0.5703125 0.284375 0.04140625 0.0484375
1 0.63828125 0.2203125 0.02109375 0.0390625
1 0.67265625 0.225 0.03203125 0.10390625
1 0.72734375 0.2921875 0.0546875 0.071875
1 0.83515625 0.3921875 0.08828125 0.075
1 0.98046875 0.50546875 0.0390625 0.09453125
1 0.25703125 0.88828125 0.26640625 0.2234375