1 0.1984375 0.0859375 0.0796875 0.13046875
1 0.1171875 0.271875 0.090625 0.17890625
1 0.03203125 0.409375 0.0640625 0.340625
1 0.31796875 0.47578125 0.11171875 0.29609375
1 0.34375 0.24375 0.08984375 0.1625
1 0.7546875 0.51484375 0.0921875 0.21640625
1 0.9546875 0.4734375 0.090625 0.2375
1 0.84375 0.2703125 0.075 0.15859375
1 0.64765625 0.23828125 0.06015625 0.1671875
1 0.778125 0.10234375 0.05859375 0.1234375
1 0.71875 0.03203125 0.06875 0.0640625
1 0.58515625 0.0140625 0.059375 0.028125
1 0.5796875 0.10234375 0.08359375 0.13828125