1 0.23125 0.1125 0.06953125 0.1265625
1 0.15859375 0.240625 0.08828125 0.19453125
1 0.38515625 0.221875 0.090625 0.21171875
1 0.0484375 0.43515625 0.09453125 0.3453125
1 0.3328125 0.484375 0.14765625 0.28671875
1 0.2171875 0.90859375 0.209375 0.1828125
1 0.5890625 0.0984375 0.06328125 0.1265625
1 0.715625 0.02421875 0.0609375 0.04765625
1 0.78671875 0.1046875 0.08125 0.12578125
1 0.83671875 0.2859375 0.08671875 0.21171875
1 0.65234375 0.24140625 0.078125 0.16484375
1 0.7640625 0.53203125 0.0953125 0.28046875
1 0.98203125 0.5078125 0.0359375 0.303125