1 0.74921875 0.70625 0.2515625 0.5828125
1 0.1953125 0.3921875 0.18515625 0.4640625
1 0.33984375 0.653125 0.296875 0.6859375
1 0.1078125 0.6203125 0.21484375 0.753125
1 0.784375 0.18125 0.12421875 0.3296875
1 0.26015625 0.1671875 0.12734375 0.32265625
1 0.840625 0.3203125 0.15859375 0.28984375
1 0.5828125 0.2890625 0.1421875 0.578125
1 0.20234375 0.9078125 0.19921875 0.18125
1 0.6609375 0.56328125 0.18046875 0.8640625
1 0.39296875 0.5140625 0.18828125 0.76171875
1 0.72109375 0.06953125 0.0828125 0.1390625
1 0.49921875 0.49921875 0.9953125 0.99453125
1 0.60859375 0.46171875 0.17109375 0.8890625
1 0.61875 0.21796875 0.14765625 0.38203125
1 0.590625 0.1296875 0.11640625 0.259375