1 0.75625 0.7078125 0.25546875 0.578125
1 0.21953125 0.3609375 0.1890625 0.44453125
1 0.11953125 0.5953125 0.2390625 0.8
1 0.63828125 0.20390625 0.140625 0.3796875
1 0.3625 0.634375 0.32734375 0.72578125
1 0.80703125 0.1984375 0.10234375 0.3296875
1 0.67265625 0.471875 0.190625 0.65703125
1 0.28984375 0.1390625 0.1359375 0.27734375
1 0.43828125 0.4890625 0.15546875 0.759375
1 0.25859375 0.88984375 0.19765625 0.2171875
1 0.865625 0.3765625 0.15234375 0.34453125
1 0.84765625 0.671875 0.30234375 0.5421875
1 0.7640625 0.08359375 0.1 0.1671875
1 0.36171875 0.059375 0.0765625 0.11875
1 0.63046875 0.065625 0.08046875 0.13125
1 0.55546875 0.17421875 0.09296875 0.3484375
1 0.49921875 0.49921875 0.99609375 0.9953125