1 0.21015625 0.10546875 0.0734375 0.09921875
1 0.11875 0.2625 0.096875 0.1609375
1 0.37421875 0.22421875 0.12578125 0.17734375
1 0.31328125 0.46640625 0.12890625 0.2703125
1 0.04296875 0.39921875 0.0859375 0.26015625
1 0.21953125 0.91796875 0.2359375 0.1640625
1 0.73046875 0.55703125 0.1015625 0.2296875
1 0.846875 0.29921875 0.09140625 0.175
1 0.6171875 0.265625 0.07578125 0.14375
1 0.5703125 0.11796875 0.04765625 0.11484375
1 0.77265625 0.13515625 0.0640625 0.13125
1 0.7109375 0.0359375 0.05703125 0.071875
1 0.5765625 0.01328125 0.071875 0.0265625
1 0.521875 0.03828125 0.06796875 0.07578125