1 0.696875 0.32265625 0.303125 0.5203125
1 0.49921875 0.1625 0.10625 0.22421875
1 0.33125 0.5109375 0.09921875 0.19453125
1 0.2109375 0.85546875 0.134375 0.28828125
1 0.13046875 0.515625 0.11171875 0.190625
1 0.22734375 0.26484375 0.07578125 0.08671875
1 0.26640625 0.14609375 0.03046875 0.11796875
1 0.38125 0.17265625 0.05234375 0.0828125
1 0.384375 0.1 0.0578125 0.04765625
1 0.32890625 0.03125 0.040625 0.0421875
1 0.40703125 0.04609375 0.0609375 0.0421875
1 0.03984375 0.8203125 0.0796875 0.278125
1 0.93828125 0.6078125 0.12265625 0.4203125