1 0.35078125 0.1421875 0.05 0.08515625
1 0.39609375 0.15703125 0.0265625 0.06171875
1 0.27578125 0.253125 0.05625 0.06953125
1 0.38828125 0.25859375 0.04765625 0.03125
1 0.38671875 0.30546875 0.07265625 0.07734375
1 0.3765625 0.4125 0.08359375 0.12890625
1 0.25 0.29921875 0.059375 0.05234375
1 0.171875 0.3703125 0.1015625 0.096875
1 0.21171875 0.48828125 0.146875 0.2078125
1 0.4 0.95859375 0.30625 0.0828125
1 0.56953125 0.29453125 0.04375 0.05625
1 0.5703125 0.2375 0.04921875 0.0390625
1 0.6765625 0.25078125 0.05859375 0.0921875
1 0.7328125 0.29921875 0.0515625 0.06015625
1 0.859375 0.4 0.08359375 0.1328125
1 0.98515625 0.5515625 0.0296875 0.159375
1 0.49765625 0.23125 0.04921875 0.06953125
1 0.43671875 0.21953125 0.05 0.07734375