1 0.39609375 0.23203125 0.06328125 0.08125
1 0.41171875 0.378125 0.02890625 0.04453125
1 0.3828125 0.3984375 0.065625 0.06171875
1 0.30390625 0.38125 0.07109375 0.0671875
1 0.42578125 0.49921875 0.1234375 0.1421875
1 0.275 0.4171875 0.06328125 0.04296875
1 0.18359375 0.4515625 0.065625 0.06015625
1 0.2453125 0.5609375 0.13671875 0.17734375
1 0.025 0.58515625 0.05 0.14609375
1 0.39453125 0.89140625 0.2828125 0.2171875
1 0.81328125 0.5390625 0.0734375 0.10234375
1 0.74140625 0.42421875 0.0546875 0.071875
1 0.68125 0.35859375 0.06015625 0.10390625
1 0.59765625 0.45390625 0.05859375 0.12109375
1 0.5734375 0.375 0.05078125 0.07890625
1 0.5015625 0.35 0.0421875 0.09296875