1 0.24296875 0.15625 0.09296875 0.134375
1 0.43203125 0.28359375 0.0984375 0.184375
1 0.15625 0.3234375 0.1125 0.17109375
1 0.32265625 0.5140625 0.1140625 0.23671875
1 0.05 0.4609375 0.1 0.315625
1 0.765625 0.5984375 0.09765625 0.265625
1 0.96953125 0.5625 0.06015625 0.2484375
1 0.8703125 0.36015625 0.07890625 0.16484375
1 0.64921875 0.321875 0.075 0.146875
1 0.7671875 0.18359375 0.0671875 0.1234375
1 0.64140625 0.16328125 0.06015625 0.1015625
1 0.74609375 0.08359375 0.0609375 0.0890625
1 0.615625 0.04453125 0.04609375 0.084375
1 0.3046875 0.0390625 0.0453125 0.07734375