1 0.52109375 0.21328125 0.1234375 0.23515625
1 0.58203125 0.125 0.040625 0.08125
1 0.63125 0.18671875 0.0640625 0.1046875
1 0.54921875 0.05859375 0.02734375 0.071875
1 0.48984375 0.07578125 0.0734375 0.14609375
1 0.41796875 0.03046875 0.0765625 0.0609375
1 0.2921875 0.08203125 0.03203125 0.0671875
1 0.3671875 0.0921875 0.0296875 0.065625
1 0.34921875 0.19296875 0.06484375 0.0890625
1 0.28984375 0.13984375 0.065625 0.0828125
1 0.25 0.19140625 0.065625 0.11796875
1 0.21171875 0.30390625 0.06640625 0.11953125
1 0.34609375 0.3078125 0.07109375 0.14296875
1 0.34140625 0.5328125 0.08984375 0.22578125
1 0.1359375 0.5484375 0.084375 0.16640625
1 0.221875 0.86171875 0.171875 0.26484375
1 0.79453125 0.60703125 0.4109375 0.7859375