1 0.33515625 0.88203125 0.34140625 0.2328125
1 0.3125 0.609375 0.32578125 0.5515625
1 0.3625 0.15390625 0.10390625 0.203125
1 0.3828125 0.51484375 0.1828125 0.4640625
1 0.85234375 0.36953125 0.08125 0.06796875
1 0.159375 0.3265625 0.0921875 0.10234375
1 0.72890625 0.27578125 0.05390625 0.05546875
1 0.44296875 0.246875 0.0515625 0.165625
1 0.8046875 0.44296875 0.17734375 0.2171875
1 0.6734375 0.21015625 0.0484375 0.0875
1 0.49140625 0.2796875 0.071875 0.21875
1 0.57109375 0.2640625 0.05546875 0.078125
1 0.30625 0.22734375 0.04609375 0.06953125
1 0.39453125 0.15234375 0.03671875 0.09765625