1 0.29453125 0.66640625 0.35859375 0.66171875
1 0.4078125 0.5578125 0.159375 0.50625
1 0.1359375 0.3265625 0.0921875 0.08515625
1 0.3296875 0.20859375 0.05078125 0.165625
1 0.81875 0.371875 0.0796875 0.065625
1 0.67734375 0.2109375 0.05 0.08359375
1 0.0453125 0.25390625 0.04765625 0.2046875
1 0.53984375 0.409375 0.09453125 0.38203125
1 0.70390625 0.32890625 0.11796875 0.16328125
1 0.78671875 0.44140625 0.14296875 0.20625
1 0.73515625 0.2765625 0.05390625 0.0578125
1 0.3859375 0.153125 0.02421875 0.0984375
1 0.27890625 0.2234375 0.04453125 0.0453125
1 0.48046875 0.26171875 0.06875 0.121875
1 0.40859375 0.20625 0.03046875 0.09296875
1 0.92890625 0.16015625 0.05703125 0.2015625
1 0.1328125 0.22109375 0.03671875 0.13359375
1 0.43671875 0.15078125 0.01875 0.103125
1 0.78046875 0.25703125 0.03046875 0.128125
1 0.1609375 0.184375 0.034375 0.10234375
1 0.4796875 0.32109375 0.0703125 0.240625