1 0.371875 0.825 0.23671875 0.346875
1 0.53203125 0.4421875 0.121875 0.4046875
1 0.40703125 0.540625 0.140625 0.4046875
1 0.390625 0.26171875 0.17265625 0.309375
1 0.15703125 0.37734375 0.08984375 0.096875
1 0.778125 0.49609375 0.11484375 0.23046875
1 0.70234375 0.38671875 0.10625 0.16171875
1 0.7296875 0.33515625 0.0515625 0.05625
1 0.9453125 0.684375 0.1078125 0.62578125
1 0.7890625 0.4359375 0.0921875 0.11015625
1 0.2296875 0.496875 0.15859375 0.240625
1 0.4546875 0.31640625 0.04453125 0.196875
1 0.67578125 0.27265625 0.05234375 0.08671875
1 0.9765625 0.53125 0.04453125 0.2203125
1 0.58671875 0.3234375 0.05390625 0.06953125
1 0.2953125 0.2765625 0.03984375 0.05625
1 0.665625 0.29375 0.0734375 0.128125