1 0.184375 0.07890625 0.09609375 0.15
1 0.10390625 0.25546875 0.1265625 0.19453125
1 0.35859375 0.18984375 0.0984375 0.190625
1 0.31328125 0.45078125 0.12109375 0.3453125
1 0.2328125 0.89921875 0.246875 0.2015625
1 0.74765625 0.49921875 0.1390625 0.26640625
1 0.9734375 0.521875 0.053125 0.328125
1 0.83671875 0.25 0.11015625 0.17890625
1 0.65859375 0.21171875 0.0828125 0.1875
1 0.74765625 0.08046875 0.09921875 0.14140625
1 0.59609375 0.08828125 0.07578125 0.14296875
1 0.56484375 0.02421875 0.0484375 0.0484375
1 0.696875 0.01953125 0.07578125 0.0390625
1 0.03125 0.39140625 0.0625 0.36328125