1 0.31796875 0.65546875 0.36484375 0.6828125
1 0.42265625 0.51640625 0.11171875 0.43046875
1 0.33515625 0.18359375 0.05859375 0.16171875
1 0.48359375 0.2859375 0.075 0.27109375
1 0.1375 0.30390625 0.08359375 0.08984375
1 0.68046875 0.18828125 0.05078125 0.08359375
1 0.5375 0.3640625 0.13671875 0.35390625
1 0.7921875 0.4203125 0.1515625 0.21171875
1 0.7296875 0.25390625 0.05390625 0.05234375
1 0.7015625 0.3078125 0.10859375 0.159375
1 0.4296875 0.21953125 0.059375 0.17109375
1 0.81953125 0.34765625 0.09609375 0.0671875
1 0.38203125 0.2625 0.08046875 0.09765625
1 0.49765625 0.159375 0.02734375 0.0625
1 0.5734375 0.23203125 0.05703125 0.0890625
1 0.37265625 0.24296875 0.06171875 0.05546875
1 0.45703125 0.1296875 0.01796875 0.06171875
1 0.271875 0.20078125 0.0484375 0.0453125
1 0.878125 0.34453125 0.0421875 0.06328125