1 0.71953125 0.6984375 0.25234375 0.59765625
1 0.32734375 0.6625 0.2796875 0.66796875
1 0.175 0.38828125 0.1796875 0.503125
1 0.384375 0.3890625 0.20703125 0.546875
1 0.91328125 0.69140625 0.17109375 0.60859375
1 0.09609375 0.62109375 0.1921875 0.75
1 0.75078125 0.2 0.10078125 0.3234375
1 0.23828125 0.1859375 0.12265625 0.30625
1 0.8109375 0.4203125 0.14140625 0.4421875
1 0.6328125 0.57109375 0.18203125 0.8484375
1 0.69921875 0.08125 0.09140625 0.1625
1 0.55546875 0.425 0.165625 0.79296875
1 0.23125 0.91484375 0.2328125 0.1671875
1 0.55859375 0.23984375 0.15078125 0.478125
1 0.49921875 0.5 0.9953125 0.99453125