1 0.2828125 0.659375 0.36796875 0.67578125
1 0.37890625 0.5 0.2109375 0.428125
1 0.475 0.27734375 0.08203125 0.27578125
1 0.115625 0.31171875 0.08671875 0.078125
1 0.31875 0.17890625 0.04453125 0.1546875
1 0.70078125 0.3109375 0.11171875 0.1578125
1 0.2765625 0.2046875 0.0453125 0.04375
1 0.509375 0.159375 0.028125 0.059375
1 0.54296875 0.36796875 0.12890625 0.34375
1 0.31875 0.3328125 0.0890625 0.09453125
1 0.7296875 0.2578125 0.053125 0.05078125
1 0.90625 0.21640625 0.0578125 0.20703125
1 0.80703125 0.421875 0.18359375 0.2
1 0.65703125 0.1828125 0.090625 0.09921875
1 0.85703125 0.353125 0.08125 0.0625
1 0.35625 0.24609375 0.0578125 0.05625
1 0.90625 0.15859375 0.05390625 0.0875
1 0.43125 0.20625 0.0625 0.15
1 0.0796875 0.4 0.15859375 0.2546875