1 0.36953125 0.234375 0.05625 0.0828125
1 0.45 0.31484375 0.0484375 0.0734375
1 0.50859375 0.3265625 0.0609375 0.08671875
1 0.58125 0.3515625 0.059375 0.084375
1 0.6875 0.3453125 0.07421875 0.1046875
1 0.5875 0.42421875 0.0609375 0.10234375
1 0.74609375 0.41015625 0.05625 0.0828125
1 0.821875 0.55625 0.09140625 0.1171875
1 0.42734375 0.36796875 0.0421875 0.0515625
1 0.40703125 0.403125 0.07265625 0.084375
1 0.32109375 0.33671875 0.0546875 0.09609375
1 0.296875 0.40546875 0.065625 0.08671875
1 0.40234375 0.50390625 0.096875 0.16015625
1 0.17734375 0.4421875 0.08359375 0.08671875
1 0.234375 0.52265625 0.06875 0.09453125
1 0.034375 0.58984375 0.06796875 0.1703125
1 0.37734375 0.859375 0.2703125 0.28125