1 0.11796875 0.2546875 0.11171875 0.15625
1 0.21953125 0.46171875 0.2125 0.25703125
1 0.42578125 0.17734375 0.028125 0.08671875
1 0.46640625 0.2125 0.02890625 0.08984375
1 0.29765625 0.16015625 0.05390625 0.0953125
1 0.27109375 0.20703125 0.05546875 0.07890625
1 0.25390625 0.2671875 0.065625 0.08671875
1 0.36328125 0.2609375 0.07109375 0.07734375
1 0.334375 0.33984375 0.07890625 0.165625
1 0.54296875 0.2921875 0.08125 0.13203125
1 0.67109375 0.203125 0.06484375 0.09765625
1 0.73828125 0.2609375 0.10859375 0.0625
1 0.8328125 0.37890625 0.128125 0.11015625
1 0.42265625 0.18359375 0.06015625 0.084375