1 0.24296875 0.80703125 0.20546875 0.38046875
1 0.86015625 0.62578125 0.27734375 0.74296875
1 0.665625 0.62421875 0.665625 0.74453125
1 0.63203125 0.4125 0.609375 0.6078125
1 0.203125 0.55546875 0.17265625 0.38046875
1 0.365625 0.23125 0.07421875 0.2328125
1 0.0734375 0.81484375 0.14609375 0.36484375
1 0.4015625 0.1421875 0.06171875 0.159375
1 0.534375 0.19609375 0.29765625 0.32734375
1 0.56171875 0.06640625 0.115625 0.13203125
1 0.3234375 0.32890625 0.08828125 0.278125
1 0.47890625 0.41484375 0.30078125 0.60078125