1 0.23046875 0.08828125 0.08828125 0.15234375
1 0.3578125 0.21015625 0.09921875 0.1796875
1 0.6 0.08125 0.05625 0.14296875
1 0.71796875 0.021875 0.05625 0.04375
1 0.7859375 0.1015625 0.0796875 0.1640625
1 0.871875 0.28046875 0.1 0.1921875
1 0.65546875 0.221875 0.07890625 0.1984375
1 0.74375 0.5171875 0.11328125 0.28828125
1 0.978125 0.47890625 0.04296875 0.28515625
1 0.34140625 0.46328125 0.11796875 0.2859375
1 0.14296875 0.22890625 0.10078125 0.19375
1 0.0390625 0.39609375 0.07734375 0.31328125
1 0.221875 0.9078125 0.21875 0.184375