1 0.72578125 0.69375 0.24609375 0.6078125
1 0.32421875 0.65390625 0.29765625 0.68671875
1 0.36796875 0.39375 0.18359375 0.54609375
1 0.1640625 0.39921875 0.19296875 0.4640625
1 0.7515625 0.18203125 0.1125 0.33828125
1 0.91328125 0.6640625 0.17109375 0.66640625
1 0.81875 0.41640625 0.14453125 0.428125
1 0.24453125 0.16328125 0.1296875 0.3265625
1 0.09453125 0.61640625 0.1890625 0.7609375
1 0.63359375 0.56328125 0.18203125 0.8625
1 0.56953125 0.41796875 0.1703125 0.7859375
1 0.696875 0.06875 0.08671875 0.13671875
1 0.5859375 0.22421875 0.13359375 0.396875
1 0.25859375 0.9609375 0.14921875 0.07421875
1 0.09921875 0.10625 0.1484375 0.2125
1 0.58359375 0.09921875 0.11328125 0.1984375
1 0.49921875 0.49921875 0.99453125 0.9953125