1 0.26328125 0.49296875 0.1671875 0.27265625
1 0.115625 0.36640625 0.1109375 0.10703125
1 0.3515625 0.39765625 0.09375 0.146875
1 0.24609375 0.31640625 0.065625 0.0625
1 0.2703125 0.25703125 0.053125 0.053125
1 0.31953125 0.2109375 0.04765625 0.10859375
1 0.4125 0.21640625 0.04609375 0.09140625
1 0.46875 0.234375 0.04375 0.0953125
1 0.53984375 0.25546875 0.06171875 0.10078125
1 0.57578125 0.296875 0.0578125 0.11015625
1 0.6421875 0.22734375 0.015625 0.05
1 0.6671875 0.234375 0.05 0.1109375
1 0.71875 0.30078125 0.06484375 0.09453125
1 0.84453125 0.4015625 0.0921875 0.09453125
1 0.5734375 0.14375 0.0375 0.06640625
1 0.38125 0.1625 0.0203125 0.0625
1 0.36875 0.2984375 0.06328125 0.0671875
1 0.39609375 0.2609375 0.04453125 0.0421875