1 0.7390625 0.3765625 0.31796875 0.62109375
1 0.44609375 0.2078125 0.09609375 0.1984375
1 0.390625 0.1 0.0515625 0.07578125
1 0.38125 0.053125 0.0375 0.04609375
1 0.3171875 0.04921875 0.0296875 0.03828125
1 0.30546875 0.12109375 0.0546875 0.08515625
1 0.3671875 0.1890625 0.04296875 0.0890625
1 0.2265625 0.271875 0.05859375 0.1234375
1 0.3390625 0.32421875 0.08515625 0.11796875
1 0.3375 0.52421875 0.04921875 0.171875
1 0.09140625 0.51640625 0.09765625 0.19453125
1 0.03671875 0.8609375 0.07265625 0.25859375
1 0.259375 0.8328125 0.184375 0.2984375