1 0.72109375 0.6921875 0.25625 0.61015625
1 0.8109375 0.4140625 0.14609375 0.42890625
1 0.153125 0.41953125 0.16953125 0.50078125
1 0.91171875 0.671875 0.17421875 0.64921875
1 0.228125 0.121875 0.1453125 0.23046875
1 0.096875 0.62890625 0.19296875 0.73515625
1 0.640625 0.4828125 0.18046875 0.6734375
1 0.76328125 0.1703125 0.1390625 0.340625
1 0.559375 0.41796875 0.12578125 0.79140625
1 0.92421875 0.17578125 0.0953125 0.3515625
1 0.6984375 0.07421875 0.08984375 0.14765625
1 0.33203125 0.65 0.26953125 0.6921875
1 0.284375 0.27421875 0.184375 0.19140625
1 0.56328125 0.115625 0.12109375 0.23125
1 0.08203125 0.1984375 0.10546875 0.3015625
1 0.309375 0.4046875 0.2359375 0.4515625
1 0.49921875 0.49921875 0.99609375 0.99453125