1 0.69765625 0.7109375 0.24296875 0.57265625
1 0.29140625 0.696875 0.31953125 0.60078125
1 0.14375 0.425 0.20546875 0.4515625
1 0.80859375 0.67734375 0.38203125 0.62890625
1 0.7390625 0.21484375 0.12421875 0.30703125
1 0.60390625 0.49375 0.18203125 0.653125
1 0.7875 0.37890625 0.1421875 0.33359375
1 0.27265625 0.08828125 0.09921875 0.1765625
1 0.48203125 0.21875 0.0953125 0.4359375
1 0.084375 0.63671875 0.16875 0.7203125
1 0.67734375 0.09296875 0.0953125 0.1859375
1 0.5609375 0.23203125 0.12890625 0.38515625
1 0.55859375 0.08515625 0.0953125 0.1703125
1 0.3546875 0.53828125 0.1890625 0.76171875
1 0.20859375 0.21171875 0.1421875 0.31796875
1 0.5 0.49921875 0.9953125 0.9953125