1 0.21015625 0.43515625 0.10546875 0.1296875
1 0.1265625 0.3203125 0.08125 0.09375
1 0.346875 0.35703125 0.10234375 0.11171875
1 0.25078125 0.28125 0.05390625 0.06953125
1 0.36640625 0.2625 0.0640625 0.0734375
1 0.85546875 0.3578125 0.078125 0.08125
1 0.74140625 0.27890625 0.05625 0.065625
1 0.671875 0.17109375 0.0421875 0.065625
1 0.59375 0.25546875 0.04453125 0.06484375
1 0.55078125 0.21328125 0.0359375 0.0578125
1 0.46875 0.19296875 0.0390625 0.0546875
1 0.4125 0.19140625 0.01796875 0.0546875
1 0.38984375 0.228125 0.053125 0.0421875
1 0.27578125 0.2078125 0.04140625 0.046875
1 0.37109375 0.11640625 0.04140625 0.05390625
1 0.53125 0.20390625 0.028125 0.0390625