1 0.11953125 0.2734375 0.11015625 0.18515625
1 0.3296875 0.48828125 0.11171875 0.26640625
1 0.03515625 0.40859375 0.06953125 0.3203125
1 0.3390625 0.2359375 0.11328125 0.1953125
1 0.19765625 0.09765625 0.0875 0.14609375
1 0.75234375 0.51875 0.08828125 0.22109375
1 0.94921875 0.49453125 0.10078125 0.27890625
1 0.83515625 0.2609375 0.084375 0.15078125
1 0.646875 0.24140625 0.0578125 0.1546875
1 0.76171875 0.1 0.0609375 0.103125
1 0.59140625 0.10390625 0.04296875 0.096875
1 0.7171875 0.03359375 0.0671875 0.0671875
1 0.5859375 0.015625 0.03828125 0.03125