1 0.4046875 0.265625 0.0921875 0.228125
1 0.84453125 0.48125 0.084375 0.07734375
1 0.1984375 0.921875 0.28125 0.15234375
1 0.384375 0.6328125 0.18515625 0.46953125
1 0.2015625 0.71484375 0.40234375 0.5640625
1 0.6734375 0.36328125 0.0796875 0.159375
1 0.67578125 0.44140625 0.0609375 0.16484375
1 0.1578125 0.43203125 0.08984375 0.0921875
1 0.465625 0.375 0.05703125 0.23125
1 0.528125 0.50703125 0.13515625 0.4078125
1 0.67578125 0.32578125 0.04921875 0.08359375
1 0.8296875 0.5765625 0.18984375 0.2671875
1 0.34140625 0.35625 0.05078125 0.09296875