1 0.375 0.23671875 0.05625 0.0828125
1 0.33046875 0.3296875 0.04609375 0.06328125
1 0.40703125 0.36015625 0.034375 0.0421875
1 0.3890625 0.3921875 0.0578125 0.06171875
1 0.28203125 0.3890625 0.05390625 0.0484375
1 0.1703125 0.4390625 0.0671875 0.0828125
1 0.38125 0.45 0.0859375 0.08515625
1 0.24609375 0.56328125 0.16015625 0.23125
1 0.03828125 0.6109375 0.07578125 0.1484375
1 0.3796875 0.85546875 0.18984375 0.253125
1 0.81171875 0.50390625 0.0703125 0.08671875
1 0.7546875 0.4234375 0.0515625 0.090625
1 0.696875 0.346875 0.0453125 0.09453125
1 0.66953125 0.340625 0.01875 0.04296875
1 0.5890625 0.4078125 0.0609375 0.07734375
1 0.5796875 0.3390625 0.05625 0.05390625
1 0.5 0.334375 0.0546875 0.071875
1 0.44453125 0.31015625 0.0359375 0.08046875