1 0.3890625 0.16640625 0.04140625 0.0828125
1 0.33515625 0.25 0.0390625 0.059375
1 0.31015625 0.2984375 0.05 0.065625
1 0.3984375 0.32265625 0.0390625 0.04296875
1 0.3890625 0.3609375 0.059375 0.084375
1 0.33984375 0.4328125 0.07265625 0.1140625
1 0.25 0.35546875 0.05390625 0.03671875
1 0.159375 0.3953125 0.06640625 0.096875
1 0.2359375 0.515625 0.1578125 0.1875
1 0.22890625 0.9296875 0.271875 0.140625
1 0.54609375 0.28984375 0.0375 0.0515625
1 0.57421875 0.30546875 0.04609375 0.05390625
1 0.5671875 0.35859375 0.0796875 0.07578125
1 0.64296875 0.29375 0.03671875 0.0578125
1 0.671875 0.29921875 0.05078125 0.09453125
1 0.7375 0.378125 0.06796875 0.084375
1 0.81328125 0.45859375 0.10625 0.13125
1 0.9734375 0.55078125 0.053125 0.1921875
1 0.4796875 0.3703125 0.06484375 0.16015625
1 0.01015625 0.5640625 0.0203125 0.23203125