1 0.16953125 0.56953125 0.18515625 0.21484375
1 0.1140625 0.45546875 0.084375 0.0828125
1 0.7625 0.5140625 0.08125 0.13515625
1 0.35859375 0.50390625 0.103125 0.1703125
1 0.55234375 0.39140625 0.07109375 0.1015625
1 0.70625 0.396875 0.06640625 0.09375
1 0.6640625 0.3296875 0.0515625 0.0984375
1 0.6421875 0.3203125 0.0390625 0.0515625
1 0.47109375 0.325 0.03359375 0.06484375
1 0.42578125 0.3109375 0.04140625 0.078125
1 0.40390625 0.38359375 0.06640625 0.090625
1 0.37421875 0.371875 0.04296875 0.0671875
1 0.25625 0.39453125 0.06640625 0.0578125
1 0.29609375 0.34140625 0.053125 0.05703125
1 0.33046875 0.29296875 0.0515625 0.0921875
1 0.57578125 0.240625 0.03984375 0.07578125
1 0.53515625 0.33046875 0.03671875 0.04921875