1 0.69375 0.6859375 0.2484375 0.621875
1 0.29921875 0.65859375 0.2828125 0.67734375
1 0.35546875 0.38828125 0.21015625 0.56328125
1 0.13984375 0.3890625 0.18828125 0.51640625
1 0.78203125 0.4046875 0.13984375 0.434375
1 0.8984375 0.6734375 0.2015625 0.646875
1 0.2046875 0.18359375 0.12578125 0.321875
1 0.72578125 0.1859375 0.11328125 0.3234375
1 0.19765625 0.915625 0.2125 0.165625
1 0.603125 0.5671875 0.17734375 0.85625
1 0.53046875 0.41484375 0.16640625 0.79296875
1 0.8796875 0.1609375 0.06953125 0.21171875
1 0.5546875 0.20625 0.1171875 0.37421875
1 0.6671875 0.071875 0.0890625 0.14375
1 0.08203125 0.63125 0.1640625 0.7328125
1 0.51328125 0.2359375 0.1203125 0.471875
1 0.81640625 0.078125 0.07734375 0.15625
1 0.5 0.5 0.99453125 0.99453125