1 0.3046875 0.65859375 0.325 0.67734375
1 0.3875 0.50859375 0.19609375 0.41640625
1 0.478125 0.28203125 0.0796875 0.225
1 0.13203125 0.31875 0.08515625 0.0828125
1 0.54765625 0.37734375 0.1265625 0.346875
1 0.72578125 0.2609375 0.05390625 0.0578125
1 0.32421875 0.196875 0.04765625 0.16328125
1 0.7046875 0.38359375 0.09765625 0.303125
1 0.86015625 0.36171875 0.08203125 0.06171875
1 0.27734375 0.2125 0.04609375 0.046875
1 0.58359375 0.2453125 0.053125 0.0828125
1 0.90546875 0.1375 0.0484375 0.16171875
1 0.80859375 0.434375 0.18671875 0.20703125
1 0.425 0.2203125 0.06328125 0.14921875
1 0.3984375 0.35625 0.11171875 0.27421875
1 0.65 0.19140625 0.10234375 0.09765625