1 0.38828125 0.13125 0.03828125 0.04453125
1 0.41640625 0.184375 0.0421875 0.06953125
1 0.48359375 0.2078125 0.04453125 0.06171875
1 0.55234375 0.2125 0.06875 0.05234375
1 0.66015625 0.203125 0.046875 0.059375
1 0.5890625 0.28203125 0.06796875 0.09453125
1 0.7140625 0.275 0.0734375 0.08046875
1 0.85546875 0.3640625 0.08203125 0.09296875
1 0.2390625 0.4828125 0.13359375 0.1625
1 0.1375 0.334375 0.0796875 0.10078125
1 0.33671875 0.35546875 0.0625 0.07734375
1 0.3796875 0.259375 0.05625 0.09296875
1 0.25859375 0.290625 0.08125 0.06953125
1 0.2765625 0.2125 0.0578125 0.0734375
1 0.31015625 0.178125 0.040625 0.090625