1 0.378125 0.2234375 0.0625 0.10234375
1 0.4296875 0.271875 0.0640625 0.05
1 0.32890625 0.29609375 0.04765625 0.05625
1 0.3421875 0.34765625 0.05234375 0.0828125
1 0.39921875 0.3390625 0.053125 0.0734375
1 0.40625 0.4046875 0.0625 0.10234375
1 0.34296875 0.4671875 0.10234375 0.08125
1 0.26328125 0.384375 0.0640625 0.06953125
1 0.17421875 0.43828125 0.11796875 0.14296875
1 0.234375 0.5734375 0.17265625 0.23125
1 0.18359375 0.9296875 0.26015625 0.140625
1 0.02734375 0.67109375 0.0546875 0.25703125
1 0.57265625 0.34609375 0.10078125 0.08671875
1 0.5796875 0.3953125 0.0796875 0.08828125
1 0.65 0.31953125 0.0484375 0.071875
1 0.6734375 0.3390625 0.04140625 0.08515625
1 0.72890625 0.4 0.06484375 0.07890625
1 0.83203125 0.5 0.08125 0.11015625
1 0.965625 0.6171875 0.06875 0.14609375