1 0.72109375 0.68984375 0.2484375 0.61484375
1 0.31796875 0.64453125 0.3078125 0.703125
1 0.91640625 0.6578125 0.165625 0.553125
1 0.16953125 0.3953125 0.18984375 0.44140625
1 0.81640625 0.39375 0.15 0.4359375
1 0.39765625 0.38125 0.15 0.53828125
1 0.2390625 0.159375 0.12578125 0.2875
1 0.75078125 0.1828125 0.10078125 0.33828125
1 0.09765625 0.615625 0.1953125 0.759375
1 0.63125 0.371875 0.1828125 0.475
1 0.70078125 0.07890625 0.08828125 0.15703125
1 0.29609375 0.07421875 0.09921875 0.14765625
1 0.5015625 0.09765625 0.08671875 0.19453125
1 0.56796875 0.209375 0.115625 0.39765625
1 0.2421875 0.90703125 0.22890625 0.1828125
1 0.91171875 0.19140625 0.10234375 0.33125
1 0.56328125 0.409375 0.13046875 0.80078125
1 0.49921875 0.5 0.99453125 0.99453125
1 0.5875 0.02265625 0.10703125 0.0453125
1 0.58359375 0.06953125 0.1140625 0.1390625