1 0.421875 0.34453125 0.18671875 0.6890625
1 0.575 0.24453125 0.09609375 0.28359375
1 0.5359375 0.06015625 0.071875 0.1203125
1 0.26171875 0.42578125 0.05625 0.1046875
1 0.1640625 0.4984375 0.0859375 0.1375
1 0.23671875 0.61875 0.1546875 0.19453125
1 0.0390625 0.67265625 0.078125 0.09453125
1 0.65625 0.30625 0.040625 0.065625
1 0.68046875 0.3578125 0.04609375 0.07734375
1 0.6546875 0.46953125 0.10078125 0.1140625
1 0.7515625 0.3859375 0.075 0.115625
1 0.86015625 0.42578125 0.0984375 0.0984375
1 0.8 0.54453125 0.1390625 0.20859375