1 0.353125 0.6765625 0.26328125 0.6421875
1 0.33359375 0.18515625 0.05546875 0.13359375
1 0.80859375 0.43046875 0.18984375 0.21953125
1 0.484375 0.2984375 0.07265625 0.2625
1 0.15703125 0.33203125 0.08984375 0.13515625
1 0.403125 0.51484375 0.1453125 0.42265625
1 0.87890625 0.25390625 0.06484375 0.1
1 0.54375 0.3953125 0.1421875 0.3578125
1 0.275 0.2109375 0.04296875 0.0484375
1 0.66796875 0.19921875 0.04765625 0.0875
1 0.72578125 0.26484375 0.053125 0.05390625
1 0.3671875 0.24921875 0.05703125 0.06640625
1 0.4375 0.21015625 0.0515625 0.14609375
1 0.16875 0.37890625 0.11328125 0.22421875
1 0.55625 0.20625 0.05234375 0.07265625
1 0.86171875 0.35859375 0.08359375 0.0734375
1 0.496875 0.171875 0.02734375 0.05859375
1 0.63359375 0.1890625 0.0296875 0.04375