1 0.5671875 0.14375 0.1234375 0.27265625
1 0.25546875 0.43203125 0.1296875 0.18828125
1 0.7921875 0.3765625 0.17109375 0.20234375
1 0.84765625 0.25625 0.08203125 0.09765625
1 0.30390625 0.33046875 0.05546875 0.09375
1 0.684375 0.17265625 0.04609375 0.0359375
1 0.04140625 0.5359375 0.0828125 0.29375
1 0.96953125 0.43984375 0.06015625 0.31953125
1 0.540625 0.9453125 0.21796875 0.10078125
1 0.74140625 0.23984375 0.12578125 0.165625
1 0.2578125 0.23046875 0.06015625 0.06796875
1 0.16015625 0.296875 0.11171875 0.13203125