1 0.175 0.29921875 0.0640625 0.0953125
1 0.2359375 0.50625 0.1546875 0.296875
1 0.1203125 0.4734375 0.11484375 0.20078125
1 0.24765625 0.3046875 0.0640625 0.0953125
1 0.3453125 0.15703125 0.18515625 0.2953125
1 0.7453125 0.2546875 0.11953125 0.12421875
1 0.73984375 0.1734375 0.0625 0.06796875
1 0.03359375 0.5265625 0.06640625 0.22265625
1 0.840625 0.24375 0.090625 0.10859375
1 0.875 0.3234375 0.1484375 0.1046875
1 0.646875 0.43671875 0.1921875 0.56328125
1 0.64375 0.2515625 0.078125 0.0828125
1 0.6875 0.2046875 0.0625 0.084375