1 0.34609375 0.11015625 0.065625 0.07890625
1 0.39921875 0.12734375 0.05234375 0.05546875
1 0.3921875 0.24609375 0.0546875 0.0640625
1 0.3875 0.346875 0.05859375 0.096875
1 0.3046875 0.2328125 0.07265625 0.0671875
1 0.2578125 0.2765625 0.06953125 0.05390625
1 0.17421875 0.3359375 0.1265625 0.11015625
1 0.22890625 0.4125 0.09609375 0.1421875
1 0.30859375 0.87421875 0.31328125 0.2515625
1 0.0125 0.4453125 0.025 0.15390625
1 0.49453125 0.21328125 0.04765625 0.059375
1 0.45703125 0.18203125 0.04921875 0.0578125
1 0.5625 0.22734375 0.0703125 0.071875
1 0.58046875 0.27109375 0.07109375 0.07890625
1 0.68203125 0.209375 0.0625 0.07578125
1 0.72890625 0.2703125 0.053125 0.08671875
1 0.6578125 0.2 0.02890625 0.0515625
1 0.846875 0.38046875 0.075 0.11328125
1 0.9734375 0.540625 0.053125 0.25625