1 0.24375 0.48046875 0.14921875 0.28359375
1 0.66875 0.48125 0.10078125 0.26328125
1 0.9171875 0.4296875 0.096875 0.24765625
1 0.76484375 0.26328125 0.103125 0.19921875
1 0.5671875 0.2421875 0.0921875 0.17109375
1 0.28359375 0.2453125 0.11171875 0.18671875
1 0.04921875 0.3453125 0.0984375 0.25234375
1 0.14296875 0.1546875 0.09296875 0.14375
1 0.51875 0.103125 0.07421875 0.16328125
1 0.66875 0.08515625 0.103125 0.1546875
1 0.165625 0.0296875 0.0625 0.05859375
1 0.43046875 0.0703125 0.09296875 0.13984375
1 0.16796875 0.959375 0.1765625 0.08125