1 0.2265625 0.47265625 0.15546875 0.140625
1 0.1265625 0.3203125 0.078125 0.0703125
1 0.3328125 0.36953125 0.07265625 0.07109375
1 0.83671875 0.3765625 0.084375 0.08203125
1 0.7359375 0.278125 0.06328125 0.07734375
1 0.66953125 0.203125 0.05546875 0.065625
1 0.57265625 0.2578125 0.06484375 0.07734375
1 0.525 0.22109375 0.03359375 0.06953125
1 0.5703125 0.1046875 0.0421875 0.07890625
1 0.475 0.18203125 0.03046875 0.06015625
1 0.41796875 0.175 0.046875 0.0453125
1 0.36953125 0.26875 0.046875 0.0484375
1 0.278125 0.215625 0.05625 0.04765625
1 0.234375 0.265625 0.06328125 0.0546875
1 0.37890625 0.1140625 0.04453125 0.0578125
1 0.3796875 0.23203125 0.0453125 0.03984375