1 0.825 0.38984375 0.10078125 0.0890625
1 0.24140625 0.48671875 0.13671875 0.2046875
1 0.41484375 0.31953125 0.0671875 0.11953125
1 0.353125 0.26953125 0.05 0.06875
1 0.25 0.27109375 0.05546875 0.05859375
1 0.1203125 0.321875 0.07734375 0.0921875
1 0.29140625 0.22578125 0.05859375 0.07890625
1 0.4140625 0.21328125 0.04921875 0.053125
1 0.4640625 0.2234375 0.034375 0.06875
1 0.73046875 0.28671875 0.04453125 0.0671875
1 0.55 0.26875 0.06171875 0.08125
1 0.67265625 0.21328125 0.0484375 0.08125
1 0.5421875 0.23203125 0.05390625 0.10390625
1 0.56015625 0.12890625 0.0421875 0.0921875
1 0.375 0.13046875 0.04921875 0.0859375
1 0.28671875 0.16328125 0.046875 0.08203125