1 0.21015625 0.09296875 0.09765625 0.12265625
1 0.12109375 0.2640625 0.09453125 0.16640625
1 0.3390625 0.2296875 0.096875 0.17890625
1 0.36328125 0.4765625 0.1484375 0.24296875
1 0.04609375 0.4234375 0.0921875 0.2796875
1 0.765625 0.52734375 0.10625 0.2453125
1 0.85859375 0.3015625 0.0671875 0.17578125
1 0.65 0.23359375 0.05390625 0.13203125
1 0.78828125 0.10546875 0.07109375 0.14453125
1 0.60859375 0.10859375 0.046875 0.109375
1 0.72421875 0.02734375 0.059375 0.05390625
1 0.59140625 0.01796875 0.05234375 0.0359375
1 0.971875 0.48046875 0.05625 0.18828125