1 0.1296875 0.29609375 0.08984375 0.0859375
1 0.2203125 0.4359375 0.1359375 0.1484375
1 0.31640625 0.33125 0.07265625 0.09609375
1 0.2453125 0.2515625 0.03671875 0.05234375
1 0.37265625 0.25625 0.05234375 0.065625
1 0.58125 0.24765625 0.06171875 0.071875
1 0.85 0.3671875 0.07734375 0.08046875
1 0.7375 0.27265625 0.06640625 0.084375
1 0.678125 0.1796875 0.03671875 0.08671875
1 0.5453125 0.1953125 0.04296875 0.05859375
1 0.590625 0.071875 0.040625 0.06015625
1 0.471875 0.19140625 0.02890625 0.06015625
1 0.41796875 0.1671875 0.0390625 0.053125
1 0.3640625 0.0953125 0.04375 0.0609375
1 0.3171875 0.146875 0.0625 0.071875
1 0.2703125 0.20078125 0.053125 0.04765625
1 0.38203125 0.2171875 0.05 0.04765625