1 0.3359375 0.67265625 0.31171875 0.64921875
1 0.478125 0.30078125 0.07890625 0.228125
1 0.13125 0.346875 0.08359375 0.084375
1 0.39140625 0.55 0.1859375 0.4640625
1 0.33828125 0.22578125 0.0625 0.16171875
1 0.71484375 0.28515625 0.05390625 0.0671875
1 0.665625 0.22734375 0.04765625 0.08359375
1 0.4265625 0.24140625 0.065625 0.14140625
1 0.53515625 0.41328125 0.115625 0.35625
1 0.69375 0.3375 0.096875 0.1734375
1 0.27109375 0.24609375 0.04609375 0.0359375
1 0.79765625 0.459375 0.1640625 0.21015625
1 0.56484375 0.27734375 0.05546875 0.08359375
1 0.396875 0.39765625 0.1125 0.28984375
1 0.8390625 0.3859375 0.08046875 0.06171875