1 0.48125 0.39296875 0.334375 0.7859375
1 0.865625 0.22265625 0.08828125 0.08046875
1 0.76640625 0.36484375 0.10234375 0.1578125
1 0.7703125 0.16328125 0.0703125 0.0828125
1 0.671875 0.14375 0.0421875 0.05625
1 0.696875 0.2375 0.0671875 0.08125
1 0.63984375 0.10859375 0.0515625 0.0828125
1 0.253125 0.20390625 0.059375 0.071875
1 0.3265625 0.31484375 0.07890625 0.11328125
1 0.15859375 0.28828125 0.09765625 0.125
1 0.240625 0.42578125 0.16171875 0.20859375
1 0.03984375 0.53046875 0.0796875 0.1828125
1 0.07109375 0.9453125 0.1421875 0.109375