1 0.26953125 0.4453125 0.11640625 0.35
1 0.57890625 0.3984375 0.271875 0.4875
1 0.18984375 0.9109375 0.27421875 0.178125
1 0.7640625 0.48359375 0.121875 0.19453125
1 0.94921875 0.46171875 0.10078125 0.290625
1 0.80546875 0.25546875 0.096875 0.17109375
1 0.5203125 0.07421875 0.1453125 0.13984375
1 0.09453125 0.2828125 0.1234375 0.215625
1 0.02578125 0.403125 0.04609375 0.353125
1 0.20703125 0.10234375 0.08125 0.153125
1 0.3109375 0.22578125 0.08203125 0.15
1 0.75078125 0.0859375 0.09765625 0.16328125
1 0.68984375 0.02578125 0.05 0.05078125