1 0.225 0.0828125 0.07578125 0.13125
1 0.3546875 0.2046875 0.11171875 0.21015625
1 0.35546875 0.5 0.13984375 0.34140625
1 0.10234375 0.2515625 0.1234375 0.2046875
1 0.21875 0.9 0.20546875 0.2
1 0.603125 0.075 0.06953125 0.14921875
1 0.63203125 0.23984375 0.06640625 0.2171875
1 0.76953125 0.08671875 0.09140625 0.13203125
1 0.84375 0.278125 0.08984375 0.19609375
1 0.72421875 0.53046875 0.10078125 0.28359375
1 0.96484375 0.47265625 0.06953125 0.25390625
1 0.58671875 0.01953125 0.07109375 0.0390625
1 0.71875 0.03515625 0.0640625 0.0703125