1 0.35078125 0.10859375 0.06875 0.0890625
1 0.384375 0.11328125 0.02421875 0.0421875
1 0.42734375 0.165625 0.02734375 0.065625
1 0.46875 0.16875 0.01875 0.0640625
1 0.54375 0.19765625 0.0296875 0.03515625
1 0.56640625 0.21484375 0.034375 0.03515625
1 0.559375 0.25390625 0.03203125 0.05625
1 0.64296875 0.196875 0.03125 0.02890625
1 0.68046875 0.1921875 0.040625 0.071875
1 0.7453125 0.30625 0.0703125 0.1234375
1 0.84609375 0.38984375 0.1296875 0.1578125
1 0.96875 0.5078125 0.06171875 0.19921875
1 0.4078125 0.23203125 0.06328125 0.05
1 0.378125 0.27734375 0.04296875 0.05390625
1 0.35546875 0.353125 0.07890625 0.0921875
1 0.2796875 0.43828125 0.08203125 0.1140625
1 0.27890625 0.225 0.046875 0.06953125
1 0.2515625 0.27421875 0.05703125 0.0578125
1 0.13359375 0.32265625 0.0828125 0.090625
1 0.25078125 0.79765625 0.25 0.4046875