1 0.22265625 0.45078125 0.15078125 0.23046875
1 0.36171875 0.815625 0.2640625 0.3578125
1 0.7953125 0.43046875 0.103125 0.11796875
1 0.74921875 0.3140625 0.05546875 0.071875
1 0.16171875 0.34921875 0.08046875 0.0984375
1 0.6890625 0.2546875 0.05234375 0.0953125
1 0.27109375 0.303125 0.05390625 0.03359375
1 0.409375 0.2671875 0.034375 0.0375
1 0.57734375 0.2625 0.053125 0.08046875
1 0.3984375 0.29765625 0.05234375 0.07265625
1 0.5828125 0.30703125 0.05390625 0.0875
1 0.3640625 0.37421875 0.0796875 0.12734375
1 0.296875 0.2578125 0.04375 0.0453125
1 0.5109375 0.228125 0.03671875 0.04609375
1 0.01875 0.5515625 0.0359375 0.25859375
1 0.353125 0.1296875 0.0453125 0.0796875
1 0.45078125 0.2203125 0.02890625 0.0578125
1 0.40625 0.16640625 0.02421875 0.05390625