1 0.3734375 0.41796875 0.115625 0.30546875
1 0.7546875 0.49296875 0.12109375 0.25
1 0.23359375 0.91015625 0.20078125 0.1796875
1 0.04375 0.42421875 0.0875 0.42109375
1 0.165625 0.23046875 0.1125 0.20234375
1 0.4109375 0.19609375 0.0765625 0.19765625
1 0.6828125 0.2390625 0.06640625 0.16953125
1 0.88359375 0.29765625 0.090625 0.21796875
1 0.8140625 0.1015625 0.078125 0.146875
1 0.646875 0.08984375 0.07578125 0.13359375
1 0.27421875 0.065625 0.103125 0.13125
1 0.76171875 0.02734375 0.0546875 0.0546875