1 0.2078125 0.08203125 0.1265625 0.134375
1 0.35 0.21484375 0.10390625 0.21953125
1 0.11484375 0.271875 0.11015625 0.1828125
1 0.334375 0.4796875 0.14609375 0.31953125
1 0.2453125 0.909375 0.21328125 0.18125
1 0.75859375 0.5171875 0.1203125 0.29765625
1 0.9703125 0.47578125 0.059375 0.2921875
1 0.85078125 0.30546875 0.10625 0.2421875
1 0.78515625 0.09921875 0.096875 0.15078125
1 0.63125 0.10703125 0.08515625 0.1328125
1 0.72734375 0.02265625 0.078125 0.0453125
1 0.59296875 0.0140625 0.05703125 0.028125