1 0.725 0.68828125 0.24609375 0.61875
1 0.325 0.6546875 0.29921875 0.68359375
1 0.3671875 0.3953125 0.18515625 0.55234375
1 0.91328125 0.66484375 0.171875 0.665625
1 0.1625 0.4015625 0.19375 0.46015625
1 0.22890625 0.16484375 0.15078125 0.321875
1 0.81171875 0.40390625 0.14609375 0.44921875
1 0.0953125 0.61640625 0.18984375 0.7609375
1 0.74921875 0.1796875 0.10625 0.3375
1 0.56875 0.41640625 0.16875 0.78515625
1 0.69765625 0.06796875 0.08828125 0.1359375
1 0.63359375 0.56328125 0.1828125 0.8640625
1 0.0921875 0.10546875 0.134375 0.2109375
1 0.234375 0.9625 0.14296875 0.07109375
1 0.584375 0.225 0.13203125 0.40078125
1 0.58359375 0.1 0.1171875 0.19921875
1 0.49921875 0.49921875 0.99453125 0.9953125