1 0.3328125 0.16640625 0.0484375 0.07890625
1 0.29140625 0.21953125 0.0484375 0.06796875
1 0.24453125 0.2703125 0.0484375 0.05546875
1 0.1875 0.3265625 0.078125 0.1375
1 0.2828125 0.459375 0.12109375 0.2125
1 0.38046875 0.37890625 0.08515625 0.121875
1 0.36875 0.2515625 0.04765625 0.08828125
1 0.41015625 0.2296875 0.04140625 0.0421875
1 0.4296875 0.1640625 0.034375 0.07578125
1 0.4765625 0.18671875 0.0484375 0.07734375
1 0.55859375 0.2125 0.05078125 0.04765625
1 0.58515625 0.265625 0.05390625 0.08515625
1 0.675 0.20546875 0.03984375 0.09296875
1 0.63359375 0.1984375 0.025 0.065625
1 0.72265625 0.2734375 0.06015625 0.084375
1 0.86796875 0.37109375 0.0796875 0.10390625