1 0.48203125 0.2046875 0.040625 0.08671875
1 0.4296875 0.1796875 0.05078125 0.04453125
1 0.284375 0.14609375 0.0390625 0.08046875
1 0.296875 0.215625 0.0546875 0.05390625
1 0.3828125 0.21640625 0.03359375 0.0390625
1 0.37421875 0.26875 0.05703125 0.0984375
1 0.24921875 0.253125 0.05703125 0.06953125
1 0.3140625 0.35234375 0.07890625 0.1296875
1 0.15234375 0.3140625 0.084375 0.1
1 0.15546875 0.43359375 0.14609375 0.22421875
1 0.55546875 0.2171875 0.05078125 0.0828125
1 0.6734375 0.21484375 0.06875 0.08046875
1 0.59375 0.271875 0.075 0.07578125
1 0.71484375 0.27578125 0.04609375 0.07578125
1 0.86171875 0.3828125 0.078125 0.10625