1 0.47890625 0.115625 0.13046875 0.23046875
1 0.40078125 0.0546875 0.07890625 0.10859375
1 0.3390625 0.04609375 0.046875 0.065625
1 0.35 0.1296875 0.05859375 0.071875
1 0.23671875 0.11953125 0.040625 0.0890625
1 0.2078125 0.23203125 0.05859375 0.11171875
1 0.3328125 0.4296875 0.0734375 0.14296875
1 0.08828125 0.49765625 0.0921875 0.1703125
1 0.22734375 0.77109375 0.096875 0.1953125
1 0.04140625 0.85078125 0.0828125 0.2984375
1 0.9375 0.565625 0.12421875 0.39765625
1 0.7328125 0.30859375 0.35546875 0.5671875