1 0.38515625 0.51875 0.17578125 0.44453125
1 0.8453125 0.34765625 0.08984375 0.09375
1 0.47734375 0.321875 0.075 0.2921875
1 0.57890625 0.45078125 0.15703125 0.453125
1 0.80390625 0.42265625 0.1734375 0.24375
1 0.1734375 0.29453125 0.0984375 0.14453125
1 0.32265625 0.2 0.0375 0.1625
1 0.67265625 0.20390625 0.0484375 0.0828125
1 0.52109375 0.32734375 0.06953125 0.28515625
1 0.72109375 0.2671875 0.05390625 0.05703125
1 0.27421875 0.21796875 0.04765625 0.0453125
1 0.3125 0.66796875 0.365625 0.6609375
1 0.4171875 0.23828125 0.0734375 0.12421875
1 0.35625 0.25859375 0.05625 0.05859375
1 0.6296875 0.31328125 0.05859375 0.178125
1 0.38828125 0.14609375 0.0296875 0.084375
1 0.2609375 0.28125 0.05546875 0.0609375