1 0.90234375 0.43046875 0.1953125 0.5796875
1 0.7796875 0.2078125 0.06015625 0.10625
1 0.72265625 0.11171875 0.053125 0.07109375
1 0.6859375 0.03671875 0.04453125 0.05546875
1 0.61328125 0.0515625 0.08125 0.0984375
1 0.48359375 0.125 0.103125 0.18359375
1 0.2734375 0.71328125 0.17109375 0.38984375
1 0.390625 0.4171875 0.1015625 0.18515625
1 0.1765625 0.4296875 0.0890625 0.1828125
1 0.0390625 0.734375 0.078125 0.321875
1 0.31796875 0.22265625 0.05703125 0.125
1 0.44296875 0.2203125 0.0953125 0.140625
1 0.32734375 0.0828125 0.0515625 0.1078125
1 0.40546875 0.03046875 0.0765625 0.0609375
1 0.434375 0.103125 0.05078125 0.0828125