1 0.74296875 0.69921875 0.29375 0.596875
1 0.41171875 0.3640625 0.18203125 0.503125
1 0.37578125 0.66484375 0.26640625 0.665625
1 0.12421875 0.63671875 0.24765625 0.71796875
1 0.2140625 0.41484375 0.1796875 0.584375
1 0.78515625 0.18828125 0.1125 0.3421875
1 0.85078125 0.403125 0.14609375 0.425
1 0.29609375 0.1765625 0.09296875 0.28125
1 0.25078125 0.93125 0.19140625 0.134375
1 0.93828125 0.80859375 0.12265625 0.3796875
1 0.61015625 0.28046875 0.19765625 0.5578125
1 0.3375 0.07421875 0.096875 0.14765625
1 0.67109375 0.48515625 0.19140625 0.6828125
1 0.53828125 0.17109375 0.0953125 0.3421875
1 0.4984375 0.5 0.99375 0.99453125
1 0.74375 0.075 0.096875 0.15
1 0.6046875 0.05859375 0.084375 0.1171875