1 0.72421875 0.684375 0.24609375 0.62578125
1 0.29453125 0.6640625 0.271875 0.66484375
1 0.1671875 0.4171875 0.190625 0.453125
1 0.38515625 0.384375 0.16640625 0.5296875
1 0.81171875 0.39140625 0.13671875 0.4359375
1 0.73984375 0.18125 0.11015625 0.325
1 0.253125 0.18671875 0.09609375 0.28828125
1 0.1015625 0.6828125 0.20234375 0.6265625
1 0.91640625 0.66484375 0.16484375 0.66328125
1 0.56484375 0.41875 0.13203125 0.7984375
1 0.2421875 0.91953125 0.20078125 0.15703125
1 0.29375 0.078125 0.09765625 0.15625
1 0.496875 0.22265625 0.084375 0.4453125
1 0.69921875 0.0703125 0.090625 0.140625
1 0.578125 0.06640625 0.10625 0.1328125
1 0.6359375 0.56640625 0.1859375 0.859375
1 0.49921875 0.49921875 0.99453125 0.9953125
1 0.56796875 0.225 0.12109375 0.41015625