1 0.3484375 0.12421875 0.04140625 0.090625
1 0.3515625 0.25 0.0375 0.059375
1 0.40078125 0.30703125 0.0515625 0.07109375
1 0.3515625 0.3765625 0.04765625 0.18515625
1 0.2140625 0.4640625 0.1375 0.16171875
1 0.15078125 0.34765625 0.09140625 0.09296875
1 0.240625 0.2984375 0.04375 0.04765625
1 0.28359375 0.25 0.04375 0.05390625
1 0.484375 0.240625 0.05625 0.05
1 0.43671875 0.26875 0.0734375 0.10390625
1 0.3984375 0.15703125 0.0296875 0.05390625
1 0.5671875 0.25234375 0.04296875 0.05
1 0.5765625 0.29375 0.07265625 0.08671875
1 0.67265625 0.23984375 0.05 0.09609375
1 0.728125 0.3109375 0.046875 0.0578125
1 0.84921875 0.4078125 0.08359375 0.09609375
1 0.20390625 0.89375 0.3203125 0.2125