1 0.28046875 0.62421875 0.321875 0.7515625
1 0.3671875 0.0890625 0.171875 0.178125
1 0.1671875 0.23828125 0.10859375 0.1234375
1 0.90390625 0.471875 0.19140625 0.94296875
1 0.65234375 0.20703125 0.07265625 0.12109375
1 0.7515625 0.16484375 0.12109375 0.1953125
1 0.659375 0.06328125 0.0421875 0.08515625
1 0.26328125 0.16171875 0.05546875 0.07734375
1 0.04609375 0.4765625 0.0921875 0.29296875
1 0.62734375 0.31484375 0.1421875 0.38203125
1 0.26484375 0.2890625 0.0546875 0.04609375
1 0.62890625 0.05234375 0.0375 0.1046875
1 0.7703125 0.103125 0.06875 0.08125