1 0.29453125 0.80390625 0.2296875 0.3859375
1 0.72265625 0.52265625 0.5515625 0.94765625
1 0.0890625 0.79765625 0.17734375 0.40078125
1 0.24453125 0.56328125 0.16171875 0.40234375
1 0.3828125 0.525 0.12265625 0.29140625
1 0.3984375 0.215625 0.0765625 0.2203125
1 0.3546875 0.359375 0.08359375 0.33984375
1 0.6296875 0.37421875 0.31171875 0.546875
1 0.4921875 0.1859375 0.20546875 0.3703125
1 0.4296875 0.14453125 0.0515625 0.1421875
1 0.471875 0.20703125 0.04296875 0.12578125
1 0.4390625 0.31328125 0.09609375 0.209375