1 0.44921875 0.19765625 0.0421875 0.07734375
1 0.4984375 0.23515625 0.0546875 0.09453125
1 0.553125 0.23671875 0.0484375 0.0328125
1 0.5703125 0.28359375 0.05234375 0.0921875
1 0.665625 0.21171875 0.05078125 0.04609375
1 0.6828125 0.22421875 0.04453125 0.1
1 0.7359375 0.30859375 0.05234375 0.07890625
1 0.84921875 0.38828125 0.09609375 0.10625
1 0.39453125 0.153125 0.03515625 0.0640625
1 0.3328125 0.1625 0.0578125 0.08046875
1 0.3140625 0.24375 0.05390625 0.0828125
1 0.39140625 0.24765625 0.0421875 0.06953125
1 0.39453125 0.3 0.075 0.08828125
1 0.315625 0.34921875 0.08515625 0.11015625
1 0.1421875 0.340625 0.1015625 0.0984375
1 0.23515625 0.496875 0.20703125 0.22421875
1 0.22265625 0.903125 0.25703125 0.19296875
1 0.9796875 0.53984375 0.040625 0.165625