1 0.29453125 0.47265625 0.12109375 0.21796875
1 0.109375 0.20078125 0.0984375 0.1578125
1 0.35078125 0.24140625 0.08671875 0.15078125
1 0.19296875 0.11640625 0.0890625 0.15859375
1 0.57578125 0.09140625 0.04453125 0.1046875
1 0.625 0.259375 0.07734375 0.159375
1 0.8 0.25078125 0.08125 0.15078125
1 0.7375 0.51875 0.0859375 0.228125
1 0.96875 0.496875 0.0625 0.27578125
1 0.73359375 0.09921875 0.06015625 0.14140625
1 0.67265625 0.0328125 0.05078125 0.065625
1 0.225 0.0125 0.06875 0.025
1 0.0203125 0.4171875 0.040625 0.3109375
1 0.19296875 0.9375 0.1984375 0.125
1 0.47421875 0.0171875 0.0484375 0.034375