1 0.33984375 0.2625 0.0875 0.15703125
1 0.2109375 0.0328125 0.078125 0.065625
1 0.1671875 0.14140625 0.08671875 0.125
1 0.06953125 0.30703125 0.11484375 0.1765625
1 0.25078125 0.55859375 0.153125 0.30390625
1 0.01875 0.46953125 0.0375 0.284375
1 0.73046875 0.5359375 0.12109375 0.2546875
1 0.95546875 0.46640625 0.08828125 0.240625
1 0.79453125 0.27265625 0.09296875 0.18046875
1 0.70703125 0.1078125 0.06875 0.13046875
1 0.625 0.2609375 0.0875 0.1796875
1 0.53046875 0.12109375 0.05859375 0.12421875
1 0.6703125 0.034375 0.0546875 0.06875
1 0.54375 0.02421875 0.0625 0.0484375
1 0.203125 0.9515625 0.2296875 0.096875