1 0.18125 0.4421875 0.15390625 0.1890625
1 0.42578125 0.20859375 0.046875 0.15078125
1 0.4734375 0.2109375 0.02421875 0.08046875
1 0.12109375 0.328125 0.07109375 0.084375
1 0.37265625 0.26171875 0.075 0.084375
1 0.5859375 0.26953125 0.071875 0.12109375
1 0.321875 0.3484375 0.0828125 0.10234375
1 0.2484375 0.26640625 0.05546875 0.03671875
1 0.72890625 0.2734375 0.05234375 0.05703125
1 0.28125 0.2171875 0.046875 0.0578125
1 0.8546875 0.34453125 0.09140625 0.1046875
1 0.38125 0.12109375 0.0140625 0.046875
1 0.540625 0.21953125 0.05625 0.07890625
1 0.08515625 0.340625 0.021875 0.04765625
1 0.20546875 0.359375 0.07109375 0.0671875
1 0.67265625 0.209375 0.05859375 0.1015625
1 0.4859375 0.29609375 0.06953125 0.259375