1 0.47890625 0.20859375 0.040625 0.07578125
1 0.4296875 0.20078125 0.0640625 0.0921875
1 0.38515625 0.1234375 0.02734375 0.0578125
1 0.29296875 0.16328125 0.0390625 0.059375
1 0.29296875 0.2265625 0.046875 0.0640625
1 0.38046875 0.215625 0.03125 0.0328125
1 0.36953125 0.25546875 0.06875 0.07734375
1 0.34296875 0.34296875 0.0703125 0.1171875
1 0.24296875 0.2609375 0.0734375 0.07109375
1 0.1421875 0.31328125 0.07421875 0.10078125
1 0.2484375 0.44453125 0.13515625 0.221875
1 0.5859375 0.259375 0.0515625 0.0828125
1 0.546875 0.2234375 0.06796875 0.0890625
1 0.6671875 0.21953125 0.04296875 0.08671875
1 0.721875 0.2609375 0.046875 0.071875
1 0.8609375 0.3640625 0.0875 0.09296875