1 0.7046875 0.528125 0.309375 0.45078125
1 0.30234375 0.3328125 0.1 0.28515625
1 0.4484375 0.13828125 0.0890625 0.26953125
1 0.19375 0.440625 0.075 0.1109375
1 0.04453125 0.7421875 0.08828125 0.18671875
1 0.278125 0.23984375 0.0546875 0.10234375
1 0.28046875 0.721875 0.13046875 0.1921875
1 0.25625 0.2796875 0.015625 0.06640625
1 0.41171875 0.1671875 0.0359375 0.0984375
1 0.4765625 0.02578125 0.021875 0.05
1 0.42109375 0.10859375 0.015625 0.03125
1 0.37734375 0.03828125 0.0125 0.03203125
1 0.5296875 0.08671875 0.09296875 0.16484375
1 0.3140625 0.13984375 0.046875 0.0640625