1 0.421875 0.17890625 0.0421875 0.07734375
1 0.46796875 0.2109375 0.0265625 0.06953125
1 0.5375 0.2078125 0.03046875 0.04296875
1 0.55625 0.22734375 0.0375 0.065625
1 0.65390625 0.20390625 0.0234375 0.02890625
1 0.6765625 0.20546875 0.05234375 0.08515625
1 0.578125 0.27578125 0.05546875 0.09453125
1 0.734375 0.28046875 0.06484375 0.07734375
1 0.85625 0.36796875 0.08984375 0.0921875
1 0.38828125 0.23046875 0.06171875 0.04296875
1 0.3640625 0.275 0.04140625 0.06953125
1 0.3390625 0.3734375 0.09140625 0.10390625
1 0.28671875 0.22265625 0.0546875 0.0484375
1 0.2640625 0.2671875 0.0484375 0.04609375
1 0.109375 0.31484375 0.08359375 0.0890625
1 0.19296875 0.4515625 0.15546875 0.24140625
1 0.02109375 0.5015625 0.04140625 0.14453125