1 0.37578125 0.13984375 0.04375 0.0828125
1 0.3953125 0.26796875 0.0421875 0.05234375
1 0.39140625 0.3046875 0.04765625 0.0578125
1 0.35703125 0.375 0.078125 0.1140625
1 0.3359375 0.27109375 0.05546875 0.09296875
1 0.26484375 0.31171875 0.05625 0.08046875
1 0.1484375 0.35546875 0.05859375 0.0515625
1 0.203125 0.4984375 0.1328125 0.2296875
1 0.01171875 0.56171875 0.0234375 0.17578125
1 0.2484375 0.88203125 0.309375 0.2359375
1 0.565625 0.2609375 0.0515625 0.05234375
1 0.646875 0.24765625 0.03828125 0.059375
1 0.68125 0.25390625 0.0375 0.0828125
1 0.58359375 0.33515625 0.084375 0.0921875
1 0.7546875 0.3359375 0.0421875 0.07109375
1 0.8703125 0.44375 0.13359375 0.16015625
1 0.98046875 0.53671875 0.0390625 0.1546875
1 0.459375 0.31953125 0.046875 0.16171875