1 0.228125 0.55703125 0.15078125 0.22421875
1 0.396875 0.64140625 0.16796875 0.4640625
1 0.37109375 0.30234375 0.13359375 0.22265625
1 0.45390625 0.378125 0.06328125 0.215625
1 0.3328125 0.8625 0.29765625 0.27109375
1 0.14453125 0.446875 0.08125 0.09375
1 0.72265625 0.34765625 0.05234375 0.0875
1 0.95234375 0.73359375 0.09296875 0.5265625
1 0.6734375 0.34453125 0.04921875 0.0875
1 0.5703125 0.28984375 0.06640625 0.11328125
1 0.66796875 0.3921875 0.07578125 0.18359375
1 0.84140625 0.49140625 0.08125 0.07265625
1 0.97734375 0.58828125 0.04296875 0.23515625
1 0.72890625 0.40078125 0.05390625 0.05703125
1 0.52109375 0.51640625 0.109375 0.38671875
1 0.2890625 0.3515625 0.04296875 0.0453125
1 0.5796875 0.39375 0.05703125 0.08125
1 0.803125 0.5640625 0.159375 0.21953125