1 0.2828125 0.0359375 0.06328125 0.06171875
1 0.5609375 0.0578125 0.0515625 0.115625
1 0.6328125 0.04140625 0.05703125 0.08203125
1 0.7015625 0.090625 0.05625 0.11484375
1 0.74609375 0.18671875 0.07109375 0.14296875
1 0.57734375 0.2 0.075 0.1453125
1 0.6328125 0.3265625 0.06484375 0.1828125
1 0.81015625 0.36640625 0.08671875 0.203125
1 0.746875 0.634375 0.09453125 0.31171875
1 0.95703125 0.540625 0.0859375 0.29921875
1 0.32265625 0.61015625 0.13828125 0.3265625
1 0.3359375 0.33203125 0.09609375 0.1984375
1 0.22578125 0.22890625 0.0796875 0.171875
1 0.13984375 0.375 0.090625 0.19609375
1 0.03125 0.5515625 0.0625 0.340625