1 0.053125 0.72109375 0.0953125 0.37421875
1 0.165625 0.45546875 0.125 0.19296875
1 0.365625 0.38671875 0.08515625 0.20625
1 0.65 0.4234375 0.08359375 0.184375
1 0.83203125 0.465625 0.09375 0.19921875
1 0.26875 0.26328125 0.08203125 0.15859375
1 0.41171875 0.215625 0.065625 0.11796875
1 0.5890625 0.26796875 0.07734375 0.1265625
1 0.74296875 0.2265625 0.071875 0.13984375
1 0.68203125 0.16953125 0.0484375 0.11796875
1 0.575 0.1484375 0.05625 0.09375
1 0.3359375 0.184375 0.06484375 0.11015625
1 0.35625 0.0765625 0.04921875 0.09765625
1 0.37734375 0.02421875 0.040625 0.04765625
1 0.50625 0.04609375 0.03671875 0.0859375
1 0.6140625 0.05390625 0.04375 0.0796875
1 0.6453125 0.08125 0.05390625 0.08828125