1 0.18671875 0.45703125 0.11640625 0.2
1 0.3734375 0.3984375 0.06796875 0.14609375
1 0.27109375 0.23515625 0.0609375 0.1234375
1 0.33203125 0.18046875 0.06171875 0.1
1 0.40234375 0.23125 0.05859375 0.13125
1 0.35625 0.0828125 0.04921875 0.11015625
1 0.03203125 0.80859375 0.0640625 0.2796875
1 0.6515625 0.4140625 0.0671875 0.14453125
1 0.84375 0.47109375 0.0703125 0.1875
1 0.7515625 0.26953125 0.08671875 0.1703125
1 0.6296875 0.25546875 0.0703125 0.15
1 0.6828125 0.16484375 0.05078125 0.1078125
1 0.57578125 0.1578125 0.05703125 0.12734375
1 0.640625 0.0796875 0.03828125 0.078125
1 0.60859375 0.04453125 0.04140625 0.07265625
1 0.50703125 0.04765625 0.04921875 0.07578125