1 0.39453125 0.35390625 0.065625 0.10703125
1 0.296875 0.20703125 0.0421875 0.1265625
1 0.20234375 0.46796875 0.0984375 0.175
1 0.06328125 0.72421875 0.1265625 0.3328125
1 0.68125 0.4109375 0.07109375 0.17421875
1 0.8609375 0.4421875 0.07578125 0.18203125
1 0.77265625 0.21796875 0.05390625 0.15234375
1 0.71328125 0.1375 0.0453125 0.109375
1 0.60859375 0.234375 0.05234375 0.11875
1 0.5984375 0.1296875 0.05703125 0.0671875
1 0.6796875 0.05078125 0.04140625 0.075
1 0.34921875 0.1453125 0.05 0.0796875
1 0.4234375 0.22265625 0.059375 0.125
1 0.36953125 0.0546875 0.04296875 0.08359375
1 0.53125 0.02578125 0.05390625 0.05078125