1 0.66015625 0.65390625 0.22734375 0.68671875
1 0.10546875 0.8046875 0.21015625 0.38671875
1 0.384375 0.5359375 0.17890625 0.509375
1 0.2 0.6125 0.1859375 0.45234375
1 0.5765625 0.51875 0.1375 0.6875
1 0.81484375 0.6625 0.1859375 0.6125
1 0.425 0.32578125 0.13359375 0.3703125
1 0.665625 0.2046875 0.07578125 0.21015625
1 0.27578125 0.34453125 0.10703125 0.284375
1 0.7078125 0.30625 0.11640625 0.31171875
1 0.5609375 0.2078125 0.08046875 0.25078125
1 0.340625 0.121875 0.09609375 0.19609375
1 0.62890625 0.1078125 0.06328125 0.16875
1 0.3328125 0.20703125 0.06015625 0.1703125
1 0.35078125 0.9421875 0.14296875 0.1125
1 0.49296875 0.17265625 0.05859375 0.34296875
1 0.59921875 0.06015625 0.03828125 0.11640625
1 0.3703125 0.059375 0.05546875 0.11875
1 0.50546875 0.49921875 0.80703125 0.98828125