1 0.0484375 0.77890625 0.09609375 0.43671875
1 0.421875 0.61484375 0.1578125 0.4578125
1 0.8390625 0.465625 0.0828125 0.0984375
1 0.82265625 0.5421875 0.11640625 0.25078125
1 0.475 0.44921875 0.04453125 0.171875
1 0.740625 0.39296875 0.05625 0.08203125
1 0.44765625 0.4484375 0.0703125 0.20234375
1 0.215625 0.58046875 0.09765625 0.121875
1 0.35703125 0.4203125 0.04765625 0.1265625
1 0.6578125 0.7078125 0.22421875 0.57265625
1 0.69140625 0.38671875 0.03984375 0.03125
1 0.8390625 0.79609375 0.31953125 0.40234375
1 0.315625 0.42265625 0.03984375 0.04609375
1 0.0359375 0.68828125 0.07109375 0.25546875
1 0.57421875 0.61875 0.10859375 0.475
1 0.5640625 0.47265625 0.07578125 0.22421875
1 0.35234375 0.3859375 0.03671875 0.05859375