1 0.6328125 0.60546875 0.14609375 0.36875
1 0.0484375 0.7765625 0.096875 0.44140625
1 0.2171875 0.584375 0.0984375 0.13203125
1 0.821875 0.540625 0.11328125 0.25
1 0.421875 0.6078125 0.15234375 0.46953125
1 0.47578125 0.4484375 0.04609375 0.17109375
1 0.73984375 0.39375 0.053125 0.08125
1 0.83828125 0.7953125 0.32109375 0.4046875
1 0.83671875 0.4671875 0.0828125 0.103125
1 0.6625 0.4875 0.08515625 0.13125
1 0.578125 0.61796875 0.115625 0.47421875
1 0.36015625 0.4203125 0.0375 0.12109375
1 0.4515625 0.46640625 0.071875 0.21015625
1 0.36015625 0.3875 0.03515625 0.05546875
1 0.5828125 0.48359375 0.10546875 0.203125
1 0.60859375 0.41875 0.05390625 0.071875