1 0.65546875 0.65703125 0.2203125 0.68125
1 0.1078125 0.79453125 0.21484375 0.40703125
1 0.38828125 0.60546875 0.1859375 0.665625
1 0.57421875 0.5171875 0.146875 0.69375
1 0.7234375 0.32265625 0.13203125 0.32890625
1 0.42421875 0.3203125 0.1328125 0.371875
1 0.19765625 0.61875 0.18359375 0.37578125
1 0.6734375 0.20625 0.08046875 0.21171875
1 0.63359375 0.11171875 0.065625 0.1625
1 0.55390625 0.2125 0.06796875 0.2609375
1 0.3546875 0.0875 0.07578125 0.140625
1 0.6015625 0.0578125 0.03671875 0.1140625
1 0.3421875 0.19921875 0.0609375 0.1546875
1 0.496875 0.0578125 0.06953125 0.11484375
1 0.8484375 0.66875 0.27109375 0.61875
1 0.5015625 0.1125 0.07734375 0.225
1 0.28046875 0.32265625 0.11015625 0.29765625