1 0.7828125 0.6859375 0.17578125 0.60625
1 0.36171875 0.546875 0.1796875 0.56796875
1 0.63046875 0.6640625 0.21640625 0.66640625
1 0.5609375 0.52578125 0.146875 0.68203125
1 0.3296875 0.1046875 0.10078125 0.19765625
1 0.2640625 0.31953125 0.11171875 0.29609375
1 0.69765625 0.34453125 0.11640625 0.315625
1 0.55 0.2140625 0.0859375 0.24921875
1 0.08515625 0.88671875 0.1703125 0.2203125
1 0.65625 0.2234375 0.07734375 0.19453125
1 0.321875 0.18828125 0.06015625 0.1671875
1 0.18515625 0.56875 0.16953125 0.4875
1 0.63046875 0.0875 0.03671875 0.084375
1 0.48515625 0.18125 0.0625 0.36015625
1 0.61484375 0.12578125 0.06875 0.1609375
1 0.590625 0.0703125 0.03671875 0.1078125
1 0.409375 0.31875 0.13203125 0.36640625
1 0.34765625 0.9390625 0.15546875 0.11796875
1 0.484375 0.4984375 0.77578125 0.990625