1 0.21484375 0.58046875 0.09921875 0.128125
1 0.0484375 0.790625 0.096875 0.41328125
1 0.425 0.60859375 0.15546875 0.4734375
1 0.74453125 0.38984375 0.05703125 0.0828125
1 0.840625 0.46015625 0.08203125 0.09921875
1 0.64921875 0.7078125 0.24296875 0.5734375
1 0.66640625 0.48671875 0.08671875 0.1296875
1 0.8390625 0.79296875 0.3203125 0.409375
1 0.446875 0.459375 0.08203125 0.203125
1 0.35390625 0.3890625 0.03828125 0.0625
1 0.628125 0.3703125 0.0234375 0.08125
1 0.35703125 0.41875 0.0453125 0.1234375
1 0.26796875 0.471875 0.06640625 0.0609375