1 0.42265625 0.61015625 0.15703125 0.471875
1 0.6078125 0.709375 0.1640625 0.56640625
1 0.03515625 0.7046875 0.06953125 0.26484375
1 0.46796875 0.446875 0.0484375 0.1734375
1 0.2171875 0.55546875 0.10078125 0.190625
1 0.84140625 0.46015625 0.08203125 0.0984375
1 0.35625 0.3859375 0.0359375 0.05703125
1 0.04765625 0.78359375 0.0953125 0.4234375
1 0.6859375 0.3875 0.04453125 0.0328125
1 0.4484375 0.45703125 0.0796875 0.19609375
1 0.9625 0.46640625 0.04453125 0.10390625
1 0.2625 0.47109375 0.06640625 0.06171875
1 0.62734375 0.60703125 0.12578125 0.3609375