1 0.6046875 0.7171875 0.15234375 0.55625
1 0.74765625 0.4484375 0.10703125 0.19609375
1 0.21796875 0.61640625 0.125 0.21953125
1 0.37109375 0.48359375 0.08046875 0.20703125
1 0.8421875 0.46171875 0.08515625 0.1046875
1 0.415625 0.6109375 0.16875 0.46484375
1 0.98359375 0.571875 0.03046875 0.19375
1 0.05 0.7359375 0.09921875 0.3078125
1 0.02421875 0.68828125 0.04765625 0.21328125
1 0.2609375 0.4671875 0.06796875 0.0640625
1 0.2015625 0.55703125 0.09140625 0.09921875
1 0.3546875 0.38515625 0.03359375 0.05703125
1 0.315625 0.42421875 0.03359375 0.034375
1 0.5671875 0.60703125 0.10234375 0.44921875