1 0.0921875 0.66953125 0.153125 0.2578125
1 0.20859375 0.4234375 0.0921875 0.184375
1 0.409375 0.3859375 0.08203125 0.15546875
1 0.32421875 0.2109375 0.0546875 0.09453125
1 0.446875 0.18515625 0.04375 0.08984375
1 0.38515625 0.1296875 0.04140625 0.08359375
1 0.40859375 0.03828125 0.04453125 0.07578125
1 0.68984375 0.41953125 0.071875 0.1359375
1 0.896875 0.4921875 0.08515625 0.15625
1 0.6484375 0.228125 0.046875 0.0921875
1 0.80703125 0.21484375 0.03828125 0.115625
1 0.740625 0.15234375 0.0375 0.08671875
1 0.64296875 0.12109375 0.03828125 0.07109375
1 0.71640625 0.059375 0.02890625 0.06640625
1 0.5578125 0.0296875 0.03984375 0.05859375