1 0.10078125 0.3875 0.10390625 0.175
1 0.31171875 0.35859375 0.090625 0.153125
1 0.63515625 0.40625 0.075 0.1609375
1 0.76484375 0.425 0.06875 0.14375
1 0.68359375 0.20078125 0.053125 0.125
1 0.6375 0.1375 0.0546875 0.1046875
1 0.59453125 0.0390625 0.02890625 0.065625
1 0.51875 0.10546875 0.0484375 0.08515625
1 0.53828125 0.23203125 0.05390625 0.146875
1 0.35234375 0.209375 0.05234375 0.134375
1 0.21015625 0.23828125 0.0875 0.175
1 0.2703125 0.13125 0.059375 0.11875
1 0.2921875 0.03984375 0.0484375 0.07890625
1 0.43671875 0.009375 0.034375 0.01875
1 0.55546875 0.03125 0.0484375 0.0625