1 0.57265625 0.5171875 0.1453125 0.69296875
1 0.38828125 0.61015625 0.18671875 0.66875
1 0.10546875 0.7953125 0.2109375 0.40546875
1 0.653125 0.6578125 0.21953125 0.678125
1 0.7234375 0.31796875 0.13046875 0.31796875
1 0.8484375 0.66875 0.27421875 0.6234375
1 0.42421875 0.321875 0.13203125 0.3734375
1 0.86328125 0.19296875 0.0625 0.2921875
1 0.675 0.2078125 0.0875 0.21171875
1 0.20078125 0.584375 0.175 0.46796875
1 0.62734375 0.10546875 0.05703125 0.153125
1 0.7796875 0.13984375 0.053125 0.14453125
1 0.553125 0.2140625 0.065625 0.2609375
1 0.35390625 0.0859375 0.075 0.13671875
1 0.28125 0.3234375 0.1109375 0.2984375
1 0.49453125 0.190625 0.05859375 0.38046875
1 0.33984375 0.20625 0.06015625 0.16484375
1 0.36640625 0.0578125 0.07578125 0.115625
1 0.6 0.06171875 0.03515625 0.1078125