1 0.14140625 0.48671875 0.09296875 0.1671875
1 0.325 0.4203125 0.06640625 0.15625
1 0.034375 0.7890625 0.06875 0.271875
1 0.215625 0.28828125 0.05859375 0.1265625
1 0.36171875 0.28359375 0.06953125 0.146875
1 0.2796875 0.215625 0.05234375 0.0921875
1 0.2921875 0.11953125 0.0453125 0.07578125
1 0.31328125 0.06171875 0.0375 0.0703125
1 0.44609375 0.06953125 0.0421875 0.08046875
1 0.60859375 0.4390625 0.078125 0.178125
1 0.775 0.46875 0.06796875 0.1796875
1 0.69453125 0.2703125 0.04921875 0.1140625
1 0.5453125 0.28046875 0.05078125 0.11171875
1 0.53359375 0.18359375 0.04765625 0.10859375
1 0.634375 0.19921875 0.04296875 0.10703125
1 0.58984375 0.11328125 0.03203125 0.0703125
1 0.55859375 0.07109375 0.0359375 0.06328125