1 0.4734375 0.3828125 0.05234375 0.0484375
1 0.43359375 0.4015625 0.04296875 0.06796875
1 0.40390625 0.46015625 0.0671875 0.10859375
1 0.35859375 0.38984375 0.04296875 0.06328125
1 0.33359375 0.42578125 0.02890625 0.059375
1 0.26875 0.48671875 0.0671875 0.075
1 0.21875 0.61328125 0.090625 0.13125
1 0.03828125 0.74453125 0.0765625 0.29921875
1 0.659375 0.5171875 0.08984375 0.15
1 0.590625 0.4390625 0.0578125 0.0671875
1 0.60078125 0.38359375 0.04296875 0.05546875
1 0.70625 0.3953125 0.0609375 0.05546875
1 0.75703125 0.390625 0.06796875 0.090625
1 0.85546875 0.48046875 0.0921875 0.12109375