1 0.08515625 0.68046875 0.16953125 0.30546875
1 0.38984375 0.92109375 0.125 0.1578125
1 0.42578125 0.36171875 0.06171875 0.15625
1 0.24609375 0.39765625 0.0625 0.1625
1 0.3328125 0.2140625 0.04296875 0.11484375
1 0.45625 0.2265625 0.05703125 0.1109375
1 0.39453125 0.1625 0.04140625 0.07734375
1 0.4109375 0.06640625 0.0328125 0.08125
1 0.71328125 0.44140625 0.0640625 0.16953125
1 0.903125 0.525 0.08671875 0.14453125
1 0.80546875 0.26015625 0.06171875 0.1296875
1 0.65 0.25859375 0.0453125 0.11171875
1 0.63046875 0.15078125 0.04296875 0.08359375
1 0.75 0.17421875 0.05234375 0.1015625
1 0.7140625 0.0828125 0.0390625 0.10703125
1 0.6671875 0.0515625 0.03671875 0.07578125
1 0.56640625 0.05234375 0.0328125 0.059375
1 0.43125 0.0203125 0.04375 0.040625