1 0.625 0.66484375 0.2234375 0.665625
1 0.771875 0.64140625 0.18359375 0.5484375
1 0.546875 0.53203125 0.134375 0.690625
1 0.3453125 0.5609375 0.18515625 0.54140625
1 0.0859375 0.84609375 0.171875 0.30390625
1 0.628125 0.21953125 0.07421875 0.20859375
1 0.5890625 0.12578125 0.0640625 0.1578125
1 0.51875 0.22578125 0.06953125 0.25625
1 0.67890625 0.32734375 0.12421875 0.321875
1 0.365625 0.34375 0.1734375 0.38046875
1 0.45625 0.2234375 0.05703125 0.41328125
1 0.23515625 0.34921875 0.10546875 0.30703125
1 0.15625 0.609375 0.18671875 0.47265625
1 0.28984375 0.17890625 0.05078125 0.09921875
1 0.3125 0.1046875 0.07421875 0.12578125
1 0.56171875 0.0734375 0.0390625 0.11953125
1 0.28515625 0.215625 0.08046875 0.17265625
1 0.32421875 0.03203125 0.03046875 0.04765625
1 0.3328125 0.06953125 0.0484375 0.12421875