1 0.03828125 0.69453125 0.0734375 0.23828125
1 0.2234375 0.57578125 0.1109375 0.14453125
1 0.4125 0.44375 0.06796875 0.10078125
1 0.27421875 0.46875 0.0828125 0.08125
1 0.3140625 0.425 0.04765625 0.05859375
1 0.85703125 0.459375 0.08671875 0.08125
1 0.6546875 0.50859375 0.09921875 0.146875
1 0.73828125 0.42265625 0.07265625 0.08125
1 0.615625 0.42265625 0.04375 0.0671875
1 0.58984375 0.39453125 0.0328125 0.05859375
1 0.6828125 0.3984375 0.0453125 0.04140625
1 0.46953125 0.4 0.03984375 0.06328125
1 0.3609375 0.39453125 0.046875 0.075
1 0.4140625 0.2875 0.03515625 0.05546875
1 0.60859375 0.2984375 0.03828125 0.07578125
1 0.42734375 0.38828125 0.05234375 0.04453125