1 0.121875 0.54921875 0.10078125 0.14609375
1 0.33046875 0.44375 0.0828125 0.14296875
1 0.60703125 0.42734375 0.0546875 0.13203125
1 0.7765625 0.45625 0.09765625 0.13984375
1 0.70859375 0.2203125 0.05078125 0.10859375
1 0.64609375 0.17265625 0.03984375 0.08203125
1 0.534375 0.1390625 0.03828125 0.07578125
1 0.5375 0.25703125 0.046875 0.1046875
1 0.36796875 0.22578125 0.040625 0.096875
1 0.23515625 0.2640625 0.05625 0.08671875
1 0.30234375 0.2 0.034375 0.08203125
1 0.30546875 0.08671875 0.02578125 0.0625
1 0.3296875 0.028125 0.0421875 0.05546875
1 0.4515625 0.03671875 0.040625 0.059375
1 0.61015625 0.078125 0.0296875 0.0546875
1 0.571875 0.040625 0.03125 0.0625
1 0.04375 0.7734375 0.0875 0.278125