1 0.2234375 0.5921875 0.09921875 0.13125
1 0.6421875 0.70078125 0.16171875 0.5671875
1 0.0515625 0.78828125 0.103125 0.41796875
1 0.4359375 0.6125 0.14375 0.46171875
1 0.75390625 0.3859375 0.06015625 0.08203125
1 0.85078125 0.45390625 0.08671875 0.096875
1 0.83203125 0.53046875 0.12734375 0.2515625
1 0.265625 0.47734375 0.06328125 0.0640625
1 0.4453125 0.4578125 0.08671875 0.18828125
1 0.35390625 0.39296875 0.03828125 0.05234375
1 0.3203125 0.428125 0.03515625 0.04296875
1 0.840625 0.7875 0.31640625 0.41875
1 0.56875 0.478125 0.0671875 0.23359375
1 0.5796875 0.6203125 0.11328125 0.4640625
1 0.034375 0.709375 0.06796875 0.259375