1 0.609375 0.64765625 0.22109375 0.69921875
1 0.753125 0.62578125 0.17578125 0.596875
1 0.3296875 0.54375 0.18671875 0.525
1 0.52578125 0.5078125 0.12265625 0.68125
1 0.6015625 0.19140625 0.07109375 0.21171875
1 0.36328125 0.334375 0.14140625 0.34453125
1 0.4921875 0.19921875 0.06484375 0.25703125
1 0.6546875 0.25703125 0.12265625 0.24609375
1 0.5625 0.0921875 0.0609375 0.16640625
1 0.28515625 0.09296875 0.075 0.1515625
1 0.42890625 0.1171875 0.059375 0.234375
1 0.15 0.60078125 0.19140625 0.43828125
1 0.3203125 0.93828125 0.15234375 0.11953125
1 0.21484375 0.346875 0.10703125 0.32109375
1 0.5328125 0.05078125 0.0375 0.1015625
1 0.2671875 0.2015625 0.06328125 0.17265625
1 0.3015625 0.053125 0.0546875 0.10546875
1 0.446875 0.4984375 0.8 0.99296875