1 0.43125 0.38125 0.0515625 0.0515625
1 0.4125 0.4390625 0.0734375 0.0984375
1 0.35234375 0.37578125 0.03984375 0.065625
1 0.31796875 0.43203125 0.040625 0.06328125
1 0.265625 0.46953125 0.06953125 0.0828125
1 0.221875 0.58515625 0.07890625 0.11171875
1 0.034375 0.759375 0.06796875 0.27421875
1 0.746875 0.38515625 0.04765625 0.0828125
1 0.6984375 0.3890625 0.0421875 0.03828125
1 0.5828125 0.39765625 0.0640625 0.07109375
1 0.61328125 0.44453125 0.0546875 0.08515625
1 0.66875 0.4875 0.08359375 0.11953125
1 0.83125 0.4765625 0.09140625 0.11015625