1 0.621875 0.31484375 0.15 0.38828125
1 0.465625 0.3875 0.0328125 0.05546875
1 0.434375 0.3984375 0.0421875 0.075
1 0.4015625 0.43828125 0.0671875 0.1078125
1 0.34921875 0.39140625 0.03203125 0.05
1 0.30859375 0.4359375 0.04453125 0.07109375
1 0.265625 0.46484375 0.071875 0.07890625
1 0.2390625 0.59296875 0.109375 0.125
1 0.03515625 0.75625 0.0703125 0.32265625
1 0.825 0.48828125 0.0734375 0.1234375
1 0.690625 0.49296875 0.0875 0.11171875
1 0.74296875 0.3953125 0.0640625 0.0890625
1 0.68515625 0.39453125 0.0390625 0.06171875
1 0.971875 0.61328125 0.05546875 0.2203125