1 0.67890625 0.66875 0.21796875 0.65625
1 0.8421875 0.69375 0.19765625 0.60078125
1 0.61171875 0.53203125 0.16171875 0.690625
1 0.11953125 0.778125 0.2390625 0.440625
1 0.4140625 0.528125 0.175 0.50078125
1 0.2375 0.53515625 0.17890625 0.365625
1 0.76875 0.3578125 0.1328125 0.33359375
1 0.4625 0.3234375 0.12265625 0.384375
1 0.32734375 0.30859375 0.10234375 0.30078125
1 0.54765625 0.2171875 0.06015625 0.41796875
1 0.609375 0.21953125 0.07734375 0.24296875
1 0.71796875 0.2359375 0.06875 0.20234375
1 0.37734375 0.1859375 0.07109375 0.19296875
1 0.4140625 0.08125 0.06484375 0.140625
1 0.6875 0.13125 0.06171875 0.16328125
1 0.659375 0.075 0.0390625 0.11796875
1 0.4375 0.0578125 0.04609375 0.11484375