1 0.41875 0.3 0.05 0.0734375
1 0.61328125 0.29296875 0.04453125 0.05078125
1 0.3546875 0.390625 0.04296875 0.07578125
1 0.31796875 0.4390625 0.04453125 0.0859375
1 0.27109375 0.46640625 0.08671875 0.08984375
1 0.171875 0.5671875 0.09296875 0.09375
1 0.03359375 0.70703125 0.0671875 0.28828125
1 0.58125 0.38359375 0.05 0.04921875
1 0.575 0.43828125 0.0796875 0.05703125
1 0.68671875 0.3953125 0.04765625 0.04453125
1 0.74609375 0.38671875 0.06015625 0.1015625
1 0.6234375 0.5046875 0.0953125 0.1203125
1 0.8296875 0.4625 0.07890625 0.115625
1 0.403125 0.43046875 0.04765625 0.10625
1 0.43046875 0.40234375 0.05 0.0859375