1 0.4234375 0.6125 0.15703125 0.4734375
1 0.80234375 0.3609375 0.0421875 0.1453125
1 0.83125 0.465625 0.08828125 0.10390625
1 0.0484375 0.78515625 0.09609375 0.425
1 0.75078125 0.390625 0.059375 0.08125
1 0.34921875 0.41640625 0.04609375 0.11953125
1 0.83984375 0.79296875 0.31875 0.409375
1 0.4453125 0.45703125 0.078125 0.19765625
1 0.028125 0.69140625 0.05625 0.2390625
1 0.31328125 0.425 0.04140625 0.0421875
1 0.68203125 0.39140625 0.046875 0.03671875
1 0.60859375 0.7078125 0.17265625 0.55859375
1 0.25625 0.54296875 0.17265625 0.215625
1 0.8171875 0.53828125 0.1171875 0.24921875