1 0.4328125 0.61171875 0.13984375 0.475
1 0.21328125 0.5796875 0.096875 0.125
1 0.0484375 0.79140625 0.096875 0.4109375
1 0.83671875 0.4625 0.0828125 0.1
1 0.6125 0.709375 0.17421875 0.5640625
1 0.47109375 0.45 0.04921875 0.1765625
1 0.353125 0.3875 0.03671875 0.059375
1 0.75078125 0.39140625 0.06015625 0.0796875
1 0.8203125 0.53828125 0.11640625 0.2515625
1 0.83828125 0.79296875 0.32109375 0.4078125
1 0.265625 0.471875 0.06640625 0.06171875
1 0.32109375 0.42265625 0.03671875 0.04375
1 0.68671875 0.3890625 0.04609375 0.03203125
1 0.7484375 0.44609375 0.10703125 0.190625
1 0.446875 0.459375 0.0796875 0.1984375
1 0.6328125 0.60546875 0.1328125 0.35546875