1 0.05234375 0.6890625 0.1015625 0.2640625
1 0.21640625 0.5734375 0.1078125 0.12421875
1 0.2703125 0.47109375 0.08828125 0.08671875
1 0.315625 0.41875 0.0421875 0.05703125
1 0.35078125 0.3828125 0.04453125 0.07578125
1 0.43203125 0.2921875 0.0515625 0.05859375
1 0.4703125 0.38515625 0.053125 0.065625
1 0.43203125 0.36796875 0.04609375 0.05390625
1 0.4203125 0.43515625 0.07265625 0.11015625
1 0.59296875 0.38359375 0.0421875 0.03984375
1 0.56796875 0.4359375 0.06484375 0.1109375
1 0.69296875 0.38828125 0.0421875 0.04375
1 0.74140625 0.39609375 0.05546875 0.07421875
1 0.6953125 0.49921875 0.09375 0.15078125
1 0.82578125 0.46328125 0.084375 0.10234375
1 0.6203125 0.2875 0.05390625 0.0640625