1 0.640625 0.653125 0.22890625 0.68828125
1 0.7984375 0.6625 0.20390625 0.64765625
1 0.36640625 0.5578125 0.17890625 0.5484375
1 0.09296875 0.86953125 0.1859375 0.25703125
1 0.2609375 0.32109375 0.11328125 0.29140625
1 0.47421875 0.15546875 0.06015625 0.3109375
1 0.61015625 0.1015625 0.05859375 0.1703125
1 0.1875 0.58046875 0.18046875 0.50078125
1 0.55 0.5203125 0.1359375 0.6890625
1 0.4046875 0.3296875 0.13359375 0.390625
1 0.33515625 0.11328125 0.07421875 0.2
1 0.69140625 0.321875 0.10546875 0.2953125
1 0.553125 0.13671875 0.0765625 0.12421875
1 0.35234375 0.9203125 0.146875 0.15625
1 0.31015625 0.2015625 0.071875 0.18125
1 0.58046875 0.0390625 0.0375 0.078125
1 0.35703125 0.05390625 0.0484375 0.1078125
1 0.54921875 0.19140625 0.08515625 0.234375
1 0.64765625 0.2046875 0.07109375 0.20390625