1 0.4203125 0.29375 0.0625 0.0890625
1 0.6109375 0.290625 0.04140625 0.05859375
1 0.353125 0.3796875 0.034375 0.0546875
1 0.321875 0.42578125 0.04140625 0.06015625
1 0.2796875 0.471875 0.084375 0.096875
1 0.21875 0.56328125 0.10625 0.11953125
1 0.046875 0.69921875 0.09296875 0.2765625
1 0.4671875 0.3875 0.0328125 0.06953125
1 0.428125 0.39609375 0.04609375 0.06875
1 0.4015625 0.42109375 0.04609375 0.096875
1 0.5765625 0.375 0.046875 0.0453125
1 0.68671875 0.3890625 0.0453125 0.03671875
1 0.76484375 0.39609375 0.0609375 0.0828125
1 0.8375 0.459375 0.09765625 0.1171875
1 0.65 0.49921875 0.11171875 0.12578125
1 0.5765625 0.4203125 0.0515625 0.06796875