1 0.634375 0.65703125 0.2265625 0.68046875
1 0.82890625 0.64921875 0.278125 0.60859375
1 0.3546875 0.54375 0.18515625 0.51484375
1 0.55078125 0.52109375 0.12734375 0.7
1 0.159375 0.6515625 0.2078125 0.41796875
1 0.0921875 0.846875 0.18359375 0.303125
1 0.6296875 0.2078125 0.065625 0.215625
1 0.6875 0.2984375 0.125 0.29609375
1 0.2484375 0.35 0.1046875 0.2984375
1 0.3921875 0.3703125 0.13671875 0.4375
1 0.53359375 0.215625 0.07890625 0.253125
1 0.29921875 0.215625 0.059375 0.165625
1 0.59296875 0.11171875 0.059375 0.1625
1 0.46015625 0.1859375 0.05859375 0.34921875
1 0.31953125 0.13203125 0.07109375 0.1921875
1 0.3375 0.065625 0.0546875 0.1265625
1 0.565625 0.05625 0.03671875 0.10390625