1 0.46484375 0.04453125 0.0328125 0.06328125
1 0.61171875 0.0796875 0.03515625 0.075
1 0.57421875 0.04921875 0.04453125 0.075
1 0.53203125 0.1390625 0.0484375 0.075
1 0.65 0.15625 0.04453125 0.08046875
1 0.70703125 0.23828125 0.05234375 0.13125
1 0.7921875 0.46484375 0.0609375 0.1609375
1 0.6203125 0.41796875 0.0703125 0.1515625
1 0.55546875 0.2546875 0.05234375 0.12265625
1 0.33203125 0.0296875 0.0453125 0.059375
1 0.3140625 0.07734375 0.05546875 0.0734375
1 0.29765625 0.1796875 0.0546875 0.09375
1 0.37734375 0.2203125 0.05234375 0.10859375
1 0.22578125 0.27421875 0.07421875 0.128125
1 0.3375 0.3953125 0.0765625 0.15
1 0.12578125 0.46875 0.11171875 0.190625