1 0.68671875 0.64765625 0.22265625 0.696875
1 0.12734375 0.7625 0.25390625 0.4703125
1 0.23828125 0.4984375 0.17578125 0.390625
1 0.415625 0.48828125 0.17734375 0.52421875
1 0.6140625 0.49140625 0.1609375 0.690625
1 0.8484375 0.65234375 0.19453125 0.6078125
1 0.71953125 0.1890625 0.08203125 0.209375
1 0.46015625 0.31796875 0.13203125 0.44140625
1 0.6140625 0.1828125 0.08671875 0.259375
1 0.5421875 0.20078125 0.06171875 0.4015625
1 0.771875 0.30625 0.12578125 0.33671875
1 0.40625 0.0546875 0.0671875 0.109375
1 0.32265625 0.27890625 0.09609375 0.2953125
1 0.6828125 0.0859375 0.06484375 0.16796875
1 0.3828125 0.15 0.05390625 0.165625
1 0.64921875 0.0359375 0.028125 0.071875