1 0.421875 0.6125 0.15390625 0.45859375
1 0.61875 0.71015625 0.14609375 0.565625
1 0.04921875 0.78984375 0.09765625 0.415625
1 0.83046875 0.4671875 0.0859375 0.10859375
1 0.8390625 0.79296875 0.31953125 0.4078125
1 0.2125 0.57734375 0.10078125 0.1234375
1 0.6921875 0.38671875 0.0359375 0.0296875
1 0.35703125 0.41796875 0.04296875 0.125
1 0.46640625 0.4421875 0.05546875 0.17265625
1 0.44609375 0.46484375 0.0859375 0.21328125
1 0.32734375 0.4203125 0.040625 0.0453125
1 0.81640625 0.534375 0.11484375 0.240625
1 0.83828125 0.384375 0.03359375 0.06875
1 0.73828125 0.3890625 0.05859375 0.08671875
1 0.628125 0.36796875 0.0234375 0.08203125
1 0.5703125 0.621875 0.0984375 0.471875