1 0.2640625 0.259375 0.06171875 0.125
1 0.15625 0.43515625 0.10703125 0.15625
1 0.36328125 0.41875 0.0734375 0.16796875
1 0.39453125 0.2125 0.03671875 0.1078125
1 0.3359375 0.18828125 0.05390625 0.09609375
1 0.33828125 0.07265625 0.0375 0.078125
1 0.3625 0.88046875 0.17734375 0.23828125
1 0.37265625 0.03203125 0.0390625 0.05625
1 0.49453125 0.234375 0.06953125 0.46875
1 0.5640625 0.02890625 0.04453125 0.046875
1 0.63359375 0.07734375 0.04453125 0.09140625
1 0.57890625 0.1296875 0.04609375 0.08671875
1 0.675 0.16171875 0.04453125 0.0796875
1 0.571875 0.221875 0.05625 0.14453125
1 0.7234375 0.22734375 0.0578125 0.13359375
1 0.65390625 0.39296875 0.0921875 0.2109375
1 0.8234375 0.46171875 0.09765625 0.19921875