1 0.62109375 0.709375 0.15546875 0.55859375
1 0.221875 0.5828125 0.0984375 0.128125
1 0.84609375 0.46171875 0.08671875 0.0953125
1 0.7375 0.44140625 0.08125 0.1859375
1 0.4375 0.60546875 0.12734375 0.453125
1 0.36015625 0.38828125 0.03671875 0.05625
1 0.03046875 0.696875 0.0609375 0.24375
1 0.74765625 0.3921875 0.06015625 0.0875
1 0.13828125 0.38046875 0.01328125 0.0734375
1 0.0515625 0.7859375 0.103125 0.42109375
1 0.32265625 0.42890625 0.03515625 0.03671875
1 0.5609375 0.4796875 0.0625 0.22890625
1 0.46875 0.34375 0.0328125 0.07734375
1 0.57421875 0.61796875 0.11171875 0.4640625
1 0.26015625 0.47578125 0.06015625 0.06171875
1 0.82890625 0.5359375 0.12265625 0.2453125