1 0.83046875 0.621875 0.19609375 0.5734375
1 0.39296875 0.5171875 0.178125 0.49140625
1 0.21875 0.55546875 0.17109375 0.39140625
1 0.671875 0.65234375 0.22734375 0.6875
1 0.1171875 0.809375 0.234375 0.3765625
1 0.5921875 0.50546875 0.13515625 0.696875
1 0.68046875 0.18984375 0.0734375 0.21953125
1 0.56796875 0.1984375 0.07109375 0.25703125
1 0.64140625 0.0953125 0.05859375 0.16640625
1 0.7296875 0.30625 0.12890625 0.346875
1 0.50625 0.2046875 0.05859375 0.40703125
1 0.36953125 0.08828125 0.06484375 0.1375
1 0.43671875 0.4796875 0.12890625 0.6890625
1 0.35078125 0.165625 0.06171875 0.09765625
1 0.28828125 0.325 0.10078125 0.2859375
1 0.60859375 0.03828125 0.03203125 0.0765625