1 0.45703125 0.38984375 0.04296875 0.05546875
1 0.41953125 0.3875 0.0328125 0.0390625
1 0.41484375 0.44765625 0.05078125 0.1234375
1 0.3515625 0.39296875 0.059375 0.08046875
1 0.334375 0.43515625 0.04296875 0.06953125
1 0.2703125 0.47265625 0.06015625 0.0734375
1 0.19609375 0.578125 0.125 0.1375
1 0.0484375 0.6921875 0.096875 0.203125
1 0.5875 0.38359375 0.0453125 0.06015625
1 0.603125 0.428125 0.059375 0.0890625
1 0.70078125 0.38359375 0.0546875 0.0578125
1 0.7453125 0.396875 0.06328125 0.09296875
1 0.65703125 0.503125 0.08984375 0.13359375
1 0.84453125 0.51015625 0.11875 0.1375