1 0.11640625 0.7796875 0.23203125 0.4375
1 0.6859375 0.68359375 0.22265625 0.6265625
1 0.853125 0.7203125 0.18984375 0.55546875
1 0.2546875 0.57421875 0.15703125 0.4203125
1 0.41875 0.55546875 0.17421875 0.52265625
1 0.6171875 0.559375 0.16015625 0.68671875
1 0.72578125 0.2609375 0.0828125 0.20390625
1 0.334375 0.33984375 0.10390625 0.28671875
1 0.775 0.3796875 0.13515625 0.33203125
1 0.39453125 0.22265625 0.05703125 0.17265625
1 0.69296875 0.15546875 0.0609375 0.1546875
1 0.41796875 0.11875 0.06328125 0.146875
1 0.3828125 0.93359375 0.1453125 0.1296875
1 0.634375 0.2453125 0.12265625 0.240625
1 0.6625 0.0921875 0.03671875 0.0875
1 0.703125 0.1203125 0.0390625 0.084375
1 0.55234375 0.1484375 0.0578125 0.22734375
1 0.43828125 0.07421875 0.04921875 0.121875
1 0.44453125 0.3453125 0.17109375 0.3703125