1 0.3890625 0.6109375 0.18828125 0.66796875
1 0.10703125 0.7953125 0.21328125 0.40546875
1 0.81796875 0.67109375 0.20859375 0.61953125
1 0.56875 0.521875 0.13515625 0.684375
1 0.653125 0.6578125 0.22265625 0.67890625
1 0.72265625 0.31953125 0.13203125 0.32890625
1 0.66328125 0.1984375 0.07109375 0.2296875
1 0.20390625 0.58984375 0.17578125 0.41640625
1 0.428125 0.321875 0.12578125 0.37421875
1 0.553125 0.2125 0.06328125 0.25859375
1 0.35625 0.10234375 0.075 0.165625
1 0.27265625 0.328125 0.1125 0.290625
1 0.340625 0.19375 0.05859375 0.1390625
1 0.49609375 0.16015625 0.059375 0.31953125
1 0.63046875 0.11171875 0.059375 0.16484375
1 0.60234375 0.0609375 0.03671875 0.11015625
1 0.76875 0.221875 0.03125 0.1125
1 0.3765625 0.0578125 0.05859375 0.11484375