1 0.6921875 0.66015625 0.228125 0.675
1 0.125 0.7765625 0.25 0.44296875
1 0.6140625 0.5203125 0.1515625 0.6921875
1 0.45859375 0.3171875 0.12109375 0.3734375
1 0.76796875 0.32421875 0.13359375 0.321875
1 0.2359375 0.575 0.18828125 0.38515625
1 0.875 0.6859375 0.24453125 0.6234375
1 0.33125 0.31640625 0.10078125 0.30078125
1 0.54140625 0.153125 0.059375 0.30546875
1 0.6140625 0.2078125 0.08828125 0.24921875
1 0.715625 0.21796875 0.07421875 0.2234375
1 0.6796875 0.11640625 0.06484375 0.171875
1 0.42109375 0.61328125 0.1796875 0.640625
1 0.38359375 0.2 0.0546875 0.17578125
1 0.15078125 0.22109375 0.09609375 0.3375
1 0.4078125 0.10859375 0.065625 0.190625
1 0.428125 0.05625 0.046875 0.1125
1 0.496875 0.49921875 0.9890625 0.99375
1 0.6546875 0.0609375 0.0421875 0.11953125