1 0.13046875 0.790625 0.26015625 0.41484375
1 0.7109375 0.675 0.2328125 0.6453125
1 0.8796875 0.69296875 0.2015625 0.60078125
1 0.4359375 0.56171875 0.1734375 0.53515625
1 0.634375 0.54140625 0.15546875 0.6890625
1 0.27421875 0.58984375 0.15234375 0.42890625
1 0.55546875 0.20625 0.059375 0.37421875
1 0.6234375 0.228125 0.08828125 0.25078125
1 0.73515625 0.23125 0.08671875 0.203125
1 0.77890625 0.3453125 0.1359375 0.3390625
1 0.346875 0.346875 0.10234375 0.2828125
1 0.48046875 0.3390625 0.12578125 0.36640625
1 0.69609375 0.13671875 0.06796875 0.1703125
1 0.303125 0.13125 0.08828125 0.26171875
1 0.40703125 0.928125 0.15234375 0.13984375
1 0.440625 0.08046875 0.04765625 0.13515625
1 0.39921875 0.2234375 0.0546875 0.171875
1 0.65859375 0.084375 0.03125 0.11953125
1 0.496875 0.50078125 0.98359375 0.9890625
1 0.40703125 0.14140625 0.09375 0.1828125