1 0.7375 0.415625 0.07734375 0.13125
1 0.0640625 0.73046875 0.12734375 0.32421875
1 0.625 0.71015625 0.1671875 0.56875
1 0.36015625 0.38984375 0.03671875 0.05390625
1 0.42265625 0.615625 0.15625 0.46953125
1 0.86875 0.459375 0.08671875 0.0828125
1 0.259375 0.4765625 0.06171875 0.06328125
1 0.21953125 0.58359375 0.0984375 0.11953125
1 0.8390625 0.5390625 0.146875 0.24375
1 0.5765625 0.621875 0.11875 0.46796875
1 0.3234375 0.43046875 0.034375 0.034375
1 0.51484375 0.3171875 0.01328125 0.06640625
1 0.83984375 0.70703125 0.31640625 0.578125