1 0.46640625 0.40625 0.0453125 0.08046875
1 0.43359375 0.40078125 0.04140625 0.0734375
1 0.403125 0.44140625 0.05703125 0.1234375
1 0.3546875 0.38984375 0.0453125 0.0734375
1 0.33046875 0.4203125 0.0484375 0.08125
1 0.2625 0.46875 0.06328125 0.0890625
1 0.19140625 0.58203125 0.0609375 0.14296875
1 0.053125 0.6984375 0.10625 0.22890625
1 0.578125 0.3875 0.0421875 0.06328125
1 0.61171875 0.4421875 0.07109375 0.09296875
1 0.69921875 0.38671875 0.053125 0.03046875
1 0.73359375 0.3875 0.04921875 0.08671875
1 0.65234375 0.4921875 0.0875 0.0921875
1 0.84453125 0.46796875 0.10234375 0.12734375