1 0.121875 0.803125 0.24296875 0.390625
1 0.6921875 0.66484375 0.22890625 0.6671875
1 0.6109375 0.53828125 0.140625 0.6984375
1 0.8734375 0.684375 0.24609375 0.62421875
1 0.2328125 0.60546875 0.18828125 0.4015625
1 0.459375 0.3421875 0.12578125 0.3703125
1 0.70859375 0.225 0.08046875 0.21953125
1 0.66796875 0.12421875 0.06171875 0.16015625
1 0.3234375 0.3484375 0.10546875 0.29765625
1 0.5296875 0.1765625 0.05859375 0.32890625
1 0.76328125 0.34296875 0.13203125 0.33671875
1 0.59921875 0.23046875 0.08203125 0.25703125
1 0.39375 0.13125 0.06484375 0.1546875
1 0.6390625 0.07890625 0.03828125 0.12421875
1 0.371875 0.23203125 0.05546875 0.18125
1 0.415625 0.07734375 0.04765625 0.12890625
1 0.42109375 0.6296875 0.18046875 0.67109375