1 0.3296875 0.40078125 0.06171875 0.14609375
1 0.1421875 0.4796875 0.09296875 0.153125
1 0.0375 0.8125 0.075 0.271875
1 0.61015625 0.40078125 0.06328125 0.14609375
1 0.80625 0.40234375 0.08359375 0.1796875
1 0.69140625 0.16796875 0.0578125 0.11875
1 0.55234375 0.22578125 0.0484375 0.09453125
1 0.52265625 0.1171875 0.03671875 0.07109375
1 0.6296875 0.1203125 0.04296875 0.08515625
1 0.59296875 0.046875 0.03125 0.07421875
1 0.55234375 0.02734375 0.034375 0.05390625
1 0.446875 0.0296875 0.03203125 0.0546875
1 0.309375 0.02578125 0.0359375 0.05078125
1 0.28515625 0.078125 0.03828125 0.08984375
1 0.25546875 0.171875 0.0421875 0.0890625
1 0.2171875 0.26640625 0.0515625 0.1234375
1 0.3484375 0.24453125 0.06484375 0.128125