1 0.328125 0.428125 0.08515625 0.19765625
1 0.11640625 0.49921875 0.1046875 0.18359375
1 0.60390625 0.4484375 0.075 0.17421875
1 0.77890625 0.4796875 0.0890625 0.140625
1 0.6875 0.246875 0.0734375 0.125
1 0.5453125 0.28984375 0.0671875 0.1421875
1 0.36484375 0.2625 0.0734375 0.13828125
1 0.22734375 0.29296875 0.0765625 0.1296875
1 0.2859375 0.21796875 0.06328125 0.11328125
1 0.29765625 0.12421875 0.05625 0.109375
1 0.328125 0.071875 0.0515625 0.05546875
1 0.4546875 0.08359375 0.046875 0.08359375
1 0.55625 0.07890625 0.03671875 0.1015625
1 0.5234375 0.184375 0.05234375 0.08828125
1 0.5921875 0.11484375 0.05078125 0.0953125
1 0.625 0.19375 0.065625 0.1203125
1 0.02265625 0.82578125 0.04296875 0.27265625