1 0.071875 0.85546875 0.14375 0.2765625
1 0.25390625 0.49921875 0.125 0.18125
1 0.43046875 0.40546875 0.0671875 0.14453125
1 0.32265625 0.28671875 0.0546875 0.1171875
1 0.46484375 0.278125 0.05703125 0.121875
1 0.39296875 0.2046875 0.03359375 0.075
1 0.41796875 0.12265625 0.04765625 0.1078125
1 0.728125 0.4609375 0.08828125 0.1484375
1 0.9109375 0.50078125 0.07421875 0.18046875
1 0.81484375 0.2328125 0.05234375 0.115625
1 0.7453125 0.19140625 0.04921875 0.084375
1 0.659375 0.30703125 0.05390625 0.12421875
1 0.6328125 0.16640625 0.0390625 0.0671875
1 0.70546875 0.0984375 0.034375 0.0609375
1 0.65390625 0.05 0.05078125 0.0765625
1 0.55 0.06953125 0.04765625 0.07890625
1 0.4296875 0.06171875 0.0359375 0.0671875