1 0.60546875 0.71484375 0.16015625 0.5609375
1 0.1453125 0.5421875 0.078125 0.13671875
1 0.821875 0.46796875 0.11015625 0.1515625
1 0.43828125 0.6125 0.12890625 0.47890625
1 0.26171875 0.4203125 0.03359375 0.07421875
1 0.2296875 0.596875 0.09921875 0.13515625
1 0.64140625 0.50625 0.08671875 0.14453125
1 0.3578125 0.38984375 0.0375 0.06640625
1 0.56796875 0.490625 0.0796875 0.19296875
1 0.02109375 0.69375 0.0421875 0.1984375
1 0.7390625 0.39375 0.0578125 0.08984375
1 0.25703125 0.47265625 0.06328125 0.06171875
1 0.3265625 0.4234375 0.0375 0.04375