1 0.19609375 0.44453125 0.0828125 0.1375
1 0.384375 0.41484375 0.0625 0.1265625
1 0.26953125 0.26875 0.06953125 0.0953125
1 0.42421875 0.26640625 0.0609375 0.15390625
1 0.35625 0.1953125 0.04765625 0.1
1 0.378125 0.0984375 0.03359375 0.1
1 0.40234375 0.0359375 0.0328125 0.06328125
1 0.52265625 0.07265625 0.03828125 0.075
1 0.61640625 0.0671875 0.0421875 0.0640625
1 0.66015625 0.1234375 0.02890625 0.06171875
1 0.59375 0.184375 0.03828125 0.0953125
1 0.6921875 0.196875 0.0421875 0.0765625
1 0.76875 0.28203125 0.07265625 0.1265625
1 0.6234375 0.31015625 0.04296875 0.11171875
1 0.68671875 0.48359375 0.06015625 0.12890625
1 0.8421875 0.5234375 0.06953125 0.153125