1 0.58828125 0.38203125 0.04921875 0.0421875
1 0.6046875 0.4484375 0.065625 0.10078125
1 0.67109375 0.3765625 0.0390625 0.0484375
1 0.7515625 0.36875 0.04765625 0.09453125
1 0.65 0.52578125 0.11484375 0.15390625
1 0.8484375 0.47265625 0.075 0.08125
1 0.43671875 0.40078125 0.05390625 0.071875
1 0.39296875 0.43984375 0.0578125 0.08671875
1 0.36640625 0.38046875 0.03828125 0.06015625
1 0.321875 0.44140625 0.0296875 0.04453125
1 0.25625 0.47734375 0.06953125 0.08515625
1 0.2046875 0.58515625 0.08828125 0.11171875
1 0.0453125 0.71640625 0.090625 0.27265625