1 0.465625 0.38984375 0.03359375 0.05234375
1 0.4234375 0.3875 0.046875 0.05234375
1 0.4109375 0.421875 0.05703125 0.090625
1 0.3453125 0.38515625 0.065625 0.06953125
1 0.3171875 0.41484375 0.0390625 0.06796875
1 0.25859375 0.4734375 0.07734375 0.10078125
1 0.21015625 0.56953125 0.0828125 0.1296875
1 0.059375 0.7484375 0.11875 0.28125
1 0.72734375 0.38828125 0.05546875 0.08125
1 0.68828125 0.39296875 0.025 0.03828125
1 0.6171875 0.41640625 0.05546875 0.065625
1 0.584375 0.3953125 0.0515625 0.06015625
1 0.671875 0.5078125 0.11953125 0.15859375
1 0.80390625 0.475 0.0828125 0.11328125
1 0.96953125 0.621875 0.06015625 0.2609375