1 0.04609375 0.825 0.0921875 0.28203125
1 0.215625 0.434375 0.1140625 0.1984375
1 0.40078125 0.40625 0.07421875 0.1640625
1 0.2953125 0.25078125 0.0546875 0.14765625
1 0.43828125 0.25 0.06875 0.128125
1 0.34921875 0.175 0.05078125 0.08828125
1 0.675 0.4328125 0.07265625 0.1875
1 0.86796875 0.48359375 0.08203125 0.20234375
1 0.765625 0.24375 0.05546875 0.13359375
1 0.7078125 0.18671875 0.0546875 0.11171875
1 0.59296875 0.14921875 0.05234375 0.08046875
1 0.59921875 0.28046875 0.09453125 0.15625
1 0.6734375 0.096875 0.04296875 0.10078125
1 0.63203125 0.05390625 0.040625 0.08203125
1 0.525 0.05234375 0.0515625 0.08203125
1 0.3875 0.0921875 0.04296875 0.065625
1 0.40234375 0.0328125 0.0421875 0.05703125