1 0.6234375 0.66015625 0.22109375 0.675
1 0.7828125 0.63359375 0.20703125 0.5328125
1 0.3484375 0.5484375 0.184375 0.503125
1 0.5375 0.534375 0.13359375 0.69140625
1 0.08125 0.81796875 0.1625 0.3578125
1 0.63046875 0.22265625 0.07265625 0.2
1 0.15234375 0.63125 0.20703125 0.44765625
1 0.2421875 0.3453125 0.11484375 0.30859375
1 0.67890625 0.32421875 0.11015625 0.31171875
1 0.28203125 0.23046875 0.08828125 0.21015625
1 0.384375 0.3375 0.1421875 0.36875
1 0.58984375 0.12578125 0.05390625 0.1609375
1 0.51953125 0.228125 0.071875 0.24921875
1 0.31640625 0.1265625 0.0765625 0.17890625
1 0.45625 0.171875 0.05859375 0.303125
1 0.56640625 0.07421875 0.03984375 0.1125