1 0.65703125 0.68125 0.24296875 0.63203125
1 0.80390625 0.64453125 0.20859375 0.55859375
1 0.365625 0.62890625 0.1859375 0.4984375
1 0.55390625 0.584375 0.12109375 0.6984375
1 0.38515625 0.409375 0.159375 0.334375
1 0.61875 0.25703125 0.0671875 0.19921875
1 0.24609375 0.44453125 0.11328125 0.2828125
1 0.58046875 0.16796875 0.065625 0.16640625
1 0.5125 0.27734375 0.06171875 0.24609375
1 0.1875 0.7109375 0.18359375 0.471875
1 0.29921875 0.228125 0.09296875 0.18359375
1 0.45078125 0.24453125 0.06875 0.31796875
1 0.73359375 0.2421875 0.05390625 0.19375
1 0.50625 0.5359375 0.834375 0.91796875
1 0.290625 0.278125 0.05234375 0.09765625
1 0.54453125 0.1265625 0.03203125 0.11796875
1 0.28515625 0.31796875 0.08046875 0.1765625
1 0.67265625 0.35859375 0.10390625 0.3234375