1 0.43046875 0.40859375 0.05 0.084375
1 0.40390625 0.446875 0.075 0.11171875
1 0.3578125 0.39140625 0.0359375 0.04765625
1 0.31484375 0.425 0.04453125 0.06953125
1 0.2828125 0.46328125 0.07265625 0.08125
1 0.2203125 0.58984375 0.0703125 0.14609375
1 0.04921875 0.7078125 0.0984375 0.26875
1 0.578125 0.37578125 0.040625 0.05
1 0.6078125 0.428125 0.05625 0.08125
1 0.6984375 0.39296875 0.0390625 0.065625
1 0.75 0.3953125 0.05703125 0.1
1 0.6859375 0.5390625 0.1171875 0.2140625
1 0.84765625 0.46875 0.10078125 0.13125