1 0.43203125 0.37734375 0.0421875 0.05390625
1 0.4125 0.4171875 0.0828125 0.0640625
1 0.36953125 0.3875 0.0375 0.0578125
1 0.32109375 0.43828125 0.05 0.065625
1 0.24609375 0.4734375 0.07265625 0.07734375
1 0.22890625 0.6125 0.1171875 0.12734375
1 0.0203125 0.79453125 0.040625 0.4015625
1 0.56484375 0.390625 0.0390625 0.05390625
1 0.58828125 0.4375 0.06875 0.084375
1 0.69453125 0.40078125 0.04375 0.05234375
1 0.74296875 0.40234375 0.0453125 0.090625
1 0.6671875 0.53046875 0.1171875 0.1421875
1 0.88515625 0.46875 0.10546875 0.08671875