1 0.4140625 0.296875 0.04921875 0.06796875
1 0.3546875 0.38359375 0.0453125 0.0765625
1 0.43046875 0.38515625 0.034375 0.06171875
1 0.61015625 0.29921875 0.046875 0.06328125
1 0.32265625 0.4265625 0.04453125 0.04296875
1 0.25859375 0.4609375 0.065625 0.084375
1 0.2203125 0.57265625 0.096875 0.11328125
1 0.028125 0.68984375 0.05390625 0.23828125
1 0.4109375 0.44296875 0.06875 0.13046875
1 0.5796875 0.38125 0.0375 0.06328125
1 0.68359375 0.3859375 0.04453125 0.0359375
1 0.72890625 0.39765625 0.05546875 0.10859375
1 0.59609375 0.4328125 0.06015625 0.06484375
1 0.646875 0.50078125 0.08828125 0.13671875
1 0.8390625 0.4578125 0.1140625 0.11015625