1 0.26484375 0.2625 0.07734375 0.13359375
1 0.17109375 0.47890625 0.0984375 0.18046875
1 0.37734375 0.38515625 0.08359375 0.159375
1 0.05625 0.75 0.1125 0.3375
1 0.41484375 0.21171875 0.05703125 0.12109375
1 0.33046875 0.1625 0.0546875 0.11015625
1 0.34609375 0.07578125 0.046875 0.08515625
1 0.6453125 0.41171875 0.059375 0.196875
1 0.8296875 0.44296875 0.090625 0.2015625
1 0.7515625 0.2015625 0.046875 0.11640625
1 0.5875 0.23515625 0.05625 0.1125
1 0.57421875 0.12890625 0.0421875 0.0734375
1 0.69609375 0.14453125 0.046875 0.09609375
1 0.6453125 0.05625 0.03046875 0.071875
1 0.5 0.0328125 0.0375 0.065625