1 0.0484375 0.7765625 0.096875 0.4421875
1 0.42421875 0.60390625 0.15859375 0.46171875
1 0.84609375 0.46171875 0.08359375 0.10078125
1 0.21328125 0.5796875 0.10078125 0.12578125
1 0.47421875 0.44609375 0.04765625 0.171875
1 0.6328125 0.70703125 0.1765625 0.575
1 0.74375 0.390625 0.0546875 0.0828125
1 0.83828125 0.79375 0.32109375 0.40625
1 0.35234375 0.38671875 0.034375 0.053125
1 0.44609375 0.45859375 0.08125 0.20390625
1 0.57734375 0.61640625 0.1140625 0.47578125
1 0.1765625 0.3546875 0.0375 0.090625
1 0.82890625 0.53828125 0.11953125 0.25546875
1 0.3203125 0.42109375 0.03984375 0.0453125
1 0.67734375 0.48359375 0.08515625 0.12890625
1 0.25234375 0.46796875 0.0609375 0.07265625