1 0.0390625 0.78359375 0.078125 0.3390625
1 0.14375 0.478125 0.13359375 0.178125
1 0.353125 0.3703125 0.06328125 0.15078125
1 0.2453125 0.2484375 0.05546875 0.11015625
1 0.378125 0.2125 0.05546875 0.10234375
1 0.3109375 0.171875 0.0484375 0.0765625
1 0.6296875 0.40703125 0.07421875 0.1328125
1 0.80546875 0.44140625 0.059375 0.14765625
1 0.7109375 0.22265625 0.0515625 0.09609375
1 0.57109375 0.2515625 0.05546875 0.09765625
1 0.55078125 0.13828125 0.04609375 0.078125
1 0.65625 0.14453125 0.04140625 0.09921875
1 0.6203125 0.071875 0.046875 0.078125
1 0.58046875 0.0375 0.03359375 0.05546875
1 0.475 0.03828125 0.0390625 0.07109375
1 0.3203125 0.071875 0.04453125 0.08203125
1 0.33984375 0.021875 0.046875 0.03828125