1 0.0484375 0.73515625 0.08984375 0.278125
1 0.18125 0.46171875 0.134375 0.20625
1 0.3765625 0.4125 0.11875 0.1984375
1 0.2546875 0.2546875 0.08984375 0.12734375
1 0.415625 0.2125 0.0609375 0.09765625
1 0.3265625 0.16953125 0.071875 0.11328125
1 0.6390625 0.41640625 0.0671875 0.14296875
1 0.83125 0.45078125 0.08671875 0.17421875
1 0.74296875 0.2265625 0.040625 0.11171875
1 0.690625 0.15234375 0.053125 0.096875
1 0.59453125 0.2671875 0.06640625 0.1390625
1 0.56640625 0.1296875 0.04765625 0.08359375
1 0.6546875 0.065625 0.04375 0.07578125
1 0.60703125 0.03828125 0.03515625 0.07578125
1 0.50546875 0.04765625 0.05546875 0.08984375
1 0.340625 0.059375 0.0453125 0.09921875