1 0.421875 0.3046875 0.02890625 0.06640625
1 0.359375 0.38671875 0.04453125 0.0828125
1 0.42890625 0.390625 0.03515625 0.0671875
1 0.32421875 0.4296875 0.0328125 0.06796875
1 0.403125 0.42890625 0.0578125 0.12109375
1 0.265625 0.471875 0.06328125 0.078125
1 0.225 0.57109375 0.1 0.1203125
1 0.04453125 0.675 0.08671875 0.2453125
1 0.5765625 0.39765625 0.04140625 0.0765625
1 0.59375 0.41953125 0.0390625 0.0921875
1 0.690625 0.384375 0.05234375 0.06015625
1 0.75859375 0.3765625 0.059375 0.07578125
1 0.67265625 0.48828125 0.0921875 0.14765625
1 0.84453125 0.46875 0.090625 0.11796875
1 0.61875 0.29453125 0.040625 0.05390625