1 0.04765625 0.76328125 0.0859375 0.26796875
1 0.1171875 0.50625 0.10234375 0.1671875
1 0.325 0.39453125 0.08125 0.1734375
1 0.2296875 0.265625 0.05859375 0.1203125
1 0.36015625 0.203125 0.05703125 0.1125
1 0.29296875 0.16015625 0.05078125 0.10703125
1 0.303125 0.06015625 0.03828125 0.0734375
1 0.453125 0.0359375 0.0390625 0.06171875
1 0.603125 0.03984375 0.02734375 0.05390625
1 0.52734375 0.1125 0.05234375 0.08203125
1 0.5484375 0.225 0.06171875 0.08515625
1 0.63984375 0.12265625 0.040625 0.078125
1 0.69296875 0.19140625 0.04609375 0.1109375
1 0.59140625 0.39140625 0.075 0.15
1 0.790625 0.40390625 0.075 0.171875