1 0.68828125 0.65078125 0.23125 0.69296875
1 0.85078125 0.65859375 0.19609375 0.628125
1 0.12421875 0.79765625 0.2484375 0.40078125
1 0.4140625 0.52265625 0.17578125 0.49296875
1 0.60859375 0.50546875 0.13828125 0.696875
1 0.31328125 0.3296875 0.11015625 0.284375
1 0.69609375 0.190625 0.07265625 0.22890625
1 0.65859375 0.09296875 0.06171875 0.17265625
1 0.23203125 0.5921875 0.1875 0.4328125
1 0.45390625 0.3203125 0.12890625 0.3796875
1 0.5953125 0.19453125 0.08984375 0.25859375
1 0.52265625 0.17578125 0.059375 0.35078125
1 0.75859375 0.290625 0.1140625 0.321875
1 0.3859375 0.09765625 0.06875 0.1375
1 0.415625 0.94609375 0.13046875 0.10390625
1 0.36484375 0.20625 0.05703125 0.16875