1 0.63203125 0.61796875 0.21640625 0.759375
1 0.77890625 0.55625 0.17890625 0.559375
1 0.096875 0.7953125 0.19375 0.403125
1 0.38984375 0.24609375 0.15 0.36015625
1 0.36171875 0.45625 0.18125 0.51015625
1 0.69453125 0.24453125 0.12421875 0.33125
1 0.25078125 0.24609375 0.11484375 0.31171875
1 0.18203125 0.50625 0.18203125 0.4828125
1 0.64765625 0.125 0.0796875 0.21484375
1 0.534375 0.1265625 0.075 0.253125
1 0.3 0.128125 0.07109375 0.1859375
1 0.56171875 0.4328125 0.1328125 0.69296875
1 0.36875 0.93671875 0.19453125 0.121875
1 0.3265625 0.065625 0.07109375 0.12890625
1 0.4703125 0.115625 0.05703125 0.23046875
1 0.60546875 0.053125 0.05546875 0.10546875