1 0.78671875 0.64375 0.2 0.61875
1 0.16796875 0.60859375 0.18984375 0.4390625
1 0.09140625 0.80859375 0.1828125 0.3765625
1 0.54453125 0.51640625 0.13203125 0.69296875
1 0.3953125 0.328125 0.13515625 0.384375
1 0.246875 0.328125 0.10859375 0.3015625
1 0.690625 0.29765625 0.11640625 0.296875
1 0.63046875 0.6546875 0.22109375 0.684375
1 0.36328125 0.61796875 0.1953125 0.66875
1 0.5234375 0.21640625 0.06484375 0.2671875
1 0.59765625 0.10625 0.06171875 0.159375
1 0.309375 0.1125 0.0984375 0.18046875
1 0.634375 0.203125 0.07109375 0.2
1 0.4609375 0.16328125 0.059375 0.3265625
1 0.3078125 0.20859375 0.06484375 0.165625
1 0.565625 0.0578125 0.0328125 0.11328125
1 0.34296875 0.05859375 0.05625 0.11640625