1 0.440625 0.39375 0.0546875 0.084375
1 0.409375 0.40546875 0.0765625 0.0890625
1 0.36015625 0.371875 0.0375 0.04296875
1 0.325 0.4375 0.04453125 0.07890625
1 0.2609375 0.45625 0.06640625 0.05390625
1 0.1703125 0.5828125 0.1015625 0.14453125
1 0.03671875 0.753125 0.0734375 0.2671875
1 0.75234375 0.3796875 0.071875 0.084375
1 0.68828125 0.39453125 0.0484375 0.0515625
1 0.634375 0.509375 0.090625 0.11328125
1 0.61796875 0.43828125 0.0609375 0.03828125
1 0.590625 0.3859375 0.040625 0.05234375
1 0.85546875 0.45546875 0.10703125 0.1078125