1 0.45859375 0.38828125 0.0375 0.07734375
1 0.428125 0.3828125 0.0484375 0.05390625
1 0.41875 0.4546875 0.07265625 0.146875
1 0.36640625 0.39453125 0.05625 0.0828125
1 0.3296875 0.428125 0.04921875 0.065625
1 0.27265625 0.4578125 0.0546875 0.07734375
1 0.23515625 0.603125 0.0875 0.14609375
1 0.02734375 0.746875 0.05390625 0.290625
1 0.57265625 0.3875 0.05 0.05234375
1 0.609375 0.421875 0.06171875 0.06953125
1 0.68515625 0.38828125 0.0546875 0.06171875
1 0.73828125 0.38046875 0.0453125 0.07578125
1 0.6640625 0.509375 0.10390625 0.1546875
1 0.84140625 0.4875 0.11015625 0.13515625