1 0.465625 0.3921875 0.03046875 0.0484375
1 0.43125 0.37578125 0.0328125 0.03671875
1 0.4265625 0.43828125 0.06328125 0.1046875
1 0.35859375 0.39296875 0.03984375 0.04765625
1 0.32421875 0.42890625 0.0421875 0.06171875
1 0.28046875 0.4625 0.07109375 0.084375
1 0.16953125 0.56015625 0.08359375 0.0984375
1 0.0390625 0.68125 0.078125 0.2234375
1 0.5953125 0.38046875 0.05078125 0.0484375
1 0.57734375 0.45 0.0578125 0.11796875
1 0.6875 0.39140625 0.04296875 0.04765625
1 0.75859375 0.396875 0.0625 0.09453125
1 0.83671875 0.478125 0.0859375 0.09453125