1 0.43671875 0.37265625 0.059375 0.05234375
1 0.41171875 0.390625 0.06484375 0.05625
1 0.425 0.4453125 0.0890625 0.06796875
1 0.3578125 0.403125 0.0609375 0.084375
1 0.32734375 0.42109375 0.0515625 0.075
1 0.26171875 0.446875 0.1015625 0.07734375
1 0.22890625 0.5890625 0.103125 0.13515625
1 0.0390625 0.72265625 0.078125 0.3765625
1 0.821875 0.47890625 0.0890625 0.115625
1 0.7375 0.40703125 0.05859375 0.0890625
1 0.5953125 0.39765625 0.05546875 0.07890625
1 0.678125 0.540625 0.15703125 0.22578125
1 0.9515625 0.54453125 0.09609375 0.1703125