1 0.1296875 0.740625 0.259375 0.5125
1 0.853125 0.57890625 0.18671875 0.6
1 0.68984375 0.6078125 0.22265625 0.7703125
1 0.6203125 0.41875 0.1484375 0.690625
1 0.38671875 0.86875 0.253125 0.259375
1 0.42265625 0.45234375 0.17421875 0.54609375
1 0.4640625 0.22265625 0.1296875 0.38125
1 0.71953125 0.1125 0.078125 0.22265625
1 0.31953125 0.23828125 0.10859375 0.28515625
1 0.60234375 0.11796875 0.07578125 0.2359375
1 0.37578125 0.1046875 0.059375 0.178125
1 0.4015625 0.05703125 0.06484375 0.1140625
1 0.24921875 0.4875 0.16953125 0.44375
1 0.7859375 0.23671875 0.10859375 0.3484375