1 0.3671875 0.38359375 0.06328125 0.13125
1 0.184375 0.40859375 0.0953125 0.1515625
1 0.04921875 0.68359375 0.0984375 0.2734375
1 0.67109375 0.46875 0.053125 0.13359375
1 0.8453125 0.55 0.06875 0.16640625
1 0.76796875 0.29453125 0.0546875 0.134375
1 0.6203125 0.290625 0.0453125 0.0921875
1 0.4203125 0.21015625 0.04453125 0.09921875
1 0.2984375 0.234375 0.053125 0.109375
1 0.6140625 0.1703125 0.03828125 0.08125
1 0.70546875 0.2171875 0.0375 0.075
1 0.67890625 0.13828125 0.0296875 0.075
1 0.6421875 0.08984375 0.0296875 0.06484375
1 0.53671875 0.075 0.0359375 0.07265625
1 0.37421875 0.06953125 0.0359375 0.0671875
1 0.35859375 0.171875 0.059375 0.0890625