1 0.3640625 0.05859375 0.03828125 0.05625
1 0.521875 0.0390625 0.025 0.06328125
1 0.58359375 0.12578125 0.04296875 0.084375
1 0.6328125 0.0390625 0.04609375 0.06328125
1 0.66640625 0.065625 0.04765625 0.07578125
1 0.70546875 0.15 0.04453125 0.09140625
1 0.75546875 0.2125 0.0515625 0.1125
1 0.84921875 0.4578125 0.04296875 0.14765625
1 0.66796875 0.4171875 0.046875 0.13046875
1 0.60390625 0.24921875 0.03984375 0.08359375
1 0.4265625 0.2 0.05 0.090625
1 0.3546875 0.1625 0.0375 0.08046875
1 0.28359375 0.228125 0.034375 0.0703125
1 0.1765625 0.45859375 0.08203125 0.15390625
1 0.40625 0.37734375 0.0625 0.12890625
1 0.05625 0.73046875 0.1125 0.2515625