1 0.353125 0.34296875 0.096875 0.16484375
1 0.32734375 0.909375 0.13671875 0.171875
1 0.15859375 0.44140625 0.071875 0.15546875
1 0.225 0.23203125 0.06875 0.159375
1 0.0328125 0.73203125 0.065625 0.2328125
1 0.6203125 0.403125 0.07734375 0.14375
1 0.8171875 0.46328125 0.075 0.153125
1 0.71953125 0.2265625 0.04609375 0.11171875
1 0.571875 0.23515625 0.0453125 0.1015625
1 0.54453125 0.11015625 0.0375 0.071875
1 0.66796875 0.13984375 0.034375 0.09609375
1 0.628125 0.05859375 0.02109375 0.07109375
1 0.38828125 0.19921875 0.05 0.12578125
1 0.3125 0.15546875 0.04921875 0.09453125
1 0.32890625 0.04765625 0.0515625 0.07578125
1 0.48125 0.0265625 0.03046875 0.053125
1 0.58671875 0.02109375 0.040625 0.0421875