1 0.05234375 0.778125 0.10390625 0.4375
1 0.62265625 0.70859375 0.146875 0.571875
1 0.81640625 0.5421875 0.10859375 0.240625
1 0.22109375 0.5859375 0.1 0.13515625
1 0.65234375 0.48984375 0.08671875 0.134375
1 0.58671875 0.60625 0.12578125 0.46328125
1 0.83828125 0.7953125 0.32109375 0.40546875
1 0.41796875 0.61015625 0.1625 0.45234375
1 0.74296875 0.39296875 0.05625 0.08203125
1 0.61875 0.41796875 0.06015625 0.06953125
1 0.57265625 0.4703125 0.08359375 0.21796875
1 0.296875 0.50625 0.096875 0.1578125
1 0.4484375 0.46796875 0.0921875 0.21484375
1 0.33984375 0.403125 0.06328125 0.08125
1 0.28203125 0.4640625 0.06640625 0.0734375
1 0.353125 0.38671875 0.0359375 0.04765625
1 0.59296875 0.3921875 0.04140625 0.0625
1 0.69921875 0.3875 0.03046875 0.0265625
1 0.37265625 0.43828125 0.07109375 0.10625
1 0.8296875 0.471875 0.08125 0.09921875