1 0.06953125 0.7484375 0.12890625 0.2734375
1 0.18515625 0.48046875 0.09375 0.1734375
1 0.3921875 0.37890625 0.06875 0.16328125
1 0.29453125 0.2375 0.05 0.08828125
1 0.425 0.203125 0.059375 0.09765625
1 0.3421875 0.15625 0.05234375 0.0859375
1 0.36875 0.07578125 0.04296875 0.08125
1 0.3890625 0.02109375 0.028125 0.0421875
1 0.52265625 0.028125 0.0296875 0.05546875
1 0.58828125 0.13359375 0.0484375 0.07265625
1 0.6109375 0.2421875 0.05234375 0.09765625
1 0.76796875 0.21953125 0.04921875 0.10703125
1 0.7 0.1546875 0.0515625 0.0921875
1 0.6671875 0.0796875 0.034375 0.0703125
1 0.67890625 0.4203125 0.07890625 0.16875
1 0.8421875 0.4640625 0.084375 0.16875
1 0.63046875 0.04609375 0.0390625 0.06796875