1 0.58359375 0.371875 0.05546875 0.06328125
1 0.60546875 0.43359375 0.0546875 0.0734375
1 0.7 0.38671875 0.04296875 0.04609375
1 0.7515625 0.41484375 0.0546875 0.0921875
1 0.64609375 0.496875 0.06953125 0.121875
1 0.85625 0.4703125 0.0984375 0.14453125
1 0.42578125 0.38515625 0.0390625 0.04296875
1 0.40625 0.44765625 0.0734375 0.12109375
1 0.36328125 0.38515625 0.04609375 0.05625
1 0.328125 0.43203125 0.04453125 0.07109375
1 0.2578125 0.4796875 0.0921875 0.071875
1 0.209375 0.59921875 0.10390625 0.140625
1 0.0421875 0.69921875 0.084375 0.2484375