1 0.7453125 0.39140625 0.05546875 0.0828125
1 0.69375 0.48125 0.0828125 0.1296875
1 0.04921875 0.78671875 0.09765625 0.42109375
1 0.4359375 0.5984375 0.1296875 0.4671875
1 0.83828125 0.796875 0.321875 0.40234375
1 0.659375 0.7046875 0.2265625 0.578125
1 0.5703125 0.6078125 0.09609375 0.4890625
1 0.475 0.4578125 0.04609375 0.19453125
1 0.3609375 0.421875 0.04921875 0.12109375
1 0.65234375 0.590625 0.1671875 0.35078125
1 0.8234375 0.5375 0.1125 0.2375
1 0.2921875 0.5109375 0.10625 0.16640625
1 0.6890625 0.38671875 0.04296875 0.0328125
1 0.8390625 0.465625 0.08046875 0.09375
1 0.321875 0.4203125 0.04140625 0.04609375
1 0.2203125 0.5890625 0.1 0.1265625
1 0.596875 0.38515625 0.04140625 0.0515625