1 0.0484375 0.7796875 0.096875 0.434375
1 0.85234375 0.459375 0.08359375 0.0984375
1 0.42578125 0.6015625 0.15859375 0.4640625
1 0.29609375 0.5046875 0.0984375 0.165625
1 0.659375 0.70234375 0.2265625 0.5828125
1 0.6953125 0.478125 0.08359375 0.13359375
1 0.75234375 0.3890625 0.05703125 0.08125
1 0.8390625 0.82109375 0.3203125 0.35234375
1 0.22421875 0.58203125 0.10234375 0.134375
1 0.57265625 0.60703125 0.09609375 0.48984375
1 0.90078125 0.53515625 0.18203125 0.253125
1 0.44375 0.44375 0.05546875 0.175
1 0.65546875 0.58671875 0.1640625 0.34921875
1 0.47421875 0.44921875 0.05625 0.18671875
1 0.69609375 0.384375 0.03671875 0.03125
1 0.35703125 0.3859375 0.0375 0.05234375