1 0.78671875 0.6140625 0.18203125 0.56875
1 0.64296875 0.63984375 0.21171875 0.71484375
1 0.571875 0.475 0.14609375 0.68828125
1 0.0984375 0.8265625 0.196875 0.34375
1 0.39609375 0.27421875 0.16171875 0.34296875
1 0.19609375 0.51796875 0.17734375 0.43125
1 0.71015625 0.28046875 0.13359375 0.32265625
1 0.38046875 0.48359375 0.19375 0.49296875
1 0.62421875 0.07421875 0.0703125 0.14765625
1 0.55234375 0.15859375 0.078125 0.25078125
1 0.66484375 0.1796875 0.078125 0.203125
1 0.2734375 0.26796875 0.11640625 0.29140625
1 0.4890625 0.146875 0.06015625 0.29140625
1 0.325 0.9234375 0.19765625 0.14921875
1 0.35 0.059375 0.06953125 0.11875