1 0.06953125 0.81953125 0.13359375 0.2453125
1 0.2546875 0.4453125 0.09140625 0.1734375
1 0.4296875 0.4265625 0.078125 0.153125
1 0.340625 0.25234375 0.05390625 0.12109375
1 0.43828125 0.2453125 0.06015625 0.10859375
1 0.3953125 0.196875 0.040625 0.08828125
1 0.40859375 0.10390625 0.0453125 0.10078125
1 0.43671875 0.05546875 0.04375 0.0703125
1 0.75625 0.4625 0.0703125 0.13671875
1 0.87265625 0.503125 0.06796875 0.14609375
1 0.80234375 0.259375 0.06328125 0.1359375
1 0.75078125 0.18359375 0.0625 0.13515625
1 0.6296875 0.27734375 0.071875 0.1125
1 0.64921875 0.1609375 0.034375 0.0859375
1 0.5515625 0.06328125 0.04140625 0.0734375
1 0.65390625 0.07578125 0.03515625 0.059375
1 0.7015625 0.09453125 0.03671875 0.07109375