1 0.16171875 0.4921875 0.1 0.16484375
1 0.36953125 0.41015625 0.065625 0.14375
1 0.05078125 0.78203125 0.1015625 0.3234375
1 0.2625 0.2625 0.05 0.13359375
1 0.3953125 0.253125 0.05703125 0.1265625
1 0.33125 0.19140625 0.0484375 0.08125
1 0.65390625 0.41875 0.0640625 0.153125
1 0.8375 0.47265625 0.08359375 0.171875
1 0.60859375 0.2703125 0.0453125 0.10625
1 0.7359375 0.23671875 0.0578125 0.1265625
1 0.68046875 0.171875 0.04609375 0.096875
1 0.63828125 0.08515625 0.02734375 0.0734375
1 0.5734375 0.16328125 0.0484375 0.07890625
1 0.603125 0.0640625 0.03828125 0.06171875
1 0.49609375 0.04453125 0.04453125 0.06328125
1 0.36328125 0.034375 0.05390625 0.05390625
1 0.33984375 0.09296875 0.04296875 0.075