1 0.3875 0.02890625 0.0328125 0.0421875
1 0.521875 0.05546875 0.04921875 0.0734375
1 0.66484375 0.09375 0.03828125 0.0828125
1 0.62578125 0.05546875 0.04296875 0.0765625
1 0.58125 0.1484375 0.03828125 0.0828125
1 0.7046875 0.18984375 0.04453125 0.08828125
1 0.7703125 0.26640625 0.059375 0.14296875
1 0.859375 0.50546875 0.0828125 0.1859375
1 0.6765625 0.4296875 0.08046875 0.15546875
1 0.61171875 0.2671875 0.06015625 0.1265625
1 0.42109375 0.2296875 0.0671875 0.1203125
1 0.3515625 0.19375 0.046875 0.1
1 0.3703125 0.08671875 0.04296875 0.09921875
1 0.27890625 0.2765625 0.07109375 0.12578125
1 0.4046875 0.40546875 0.0703125 0.17421875
1 0.1921875 0.44609375 0.096875 0.15703125
1 0.059375 0.75 0.11875 0.334375