1 0.17734375 0.4171875 0.0859375 0.15
1 0.38515625 0.3796875 0.0625 0.1375
1 0.69296875 0.41484375 0.07109375 0.1640625
1 0.853125 0.46953125 0.1 0.1515625
1 0.74921875 0.225 0.065625 0.12578125
1 0.6984375 0.16953125 0.040625 0.09921875
1 0.61328125 0.24609375 0.0578125 0.11953125
1 0.5796875 0.13125 0.03671875 0.08125
1 0.6546875 0.07578125 0.0359375 0.07734375
1 0.61640625 0.0375 0.0375 0.06640625
1 0.51015625 0.0359375 0.04375 0.071875
1 0.3515625 0.0671875 0.03203125 0.07109375
1 0.37578125 0.02109375 0.0359375 0.0421875
1 0.3296875 0.1546875 0.06171875 0.0921875
1 0.3796875 0.228125 0.06171875 0.13203125
1 0.2890625 0.22734375 0.06328125 0.153125
1 0.03671875 0.821875 0.0734375 0.31171875