1 0.434375 0.396875 0.040625 0.06015625
1 0.41015625 0.42265625 0.05078125 0.10234375
1 0.353125 0.3734375 0.04453125 0.06171875
1 0.32578125 0.428125 0.05390625 0.07109375
1 0.2578125 0.46796875 0.05546875 0.071875
1 0.1640625 0.578125 0.08515625 0.121875
1 0.02890625 0.75078125 0.05703125 0.30234375
1 0.59609375 0.38515625 0.0546875 0.0328125
1 0.60625 0.43828125 0.04453125 0.06171875
1 0.61796875 0.5125 0.11171875 0.125
1 0.6984375 0.39296875 0.0515625 0.065625
1 0.73828125 0.38828125 0.05 0.0890625
1 0.8453125 0.46484375 0.128125 0.12109375