1 0.425 0.61328125 0.16015625 0.4734375
1 0.609375 0.7078125 0.17109375 0.5671875
1 0.0484375 0.7859375 0.09609375 0.42265625
1 0.83984375 0.79296875 0.31875 0.4078125
1 0.22734375 0.5953125 0.09921875 0.1359375
1 0.4453125 0.45703125 0.08203125 0.19765625
1 0.8390625 0.4640625 0.08515625 0.10078125
1 0.35390625 0.38671875 0.03671875 0.0609375
1 0.69296875 0.38671875 0.0421875 0.0328125
1 0.3203125 0.421875 0.03515625 0.04375
1 0.74375 0.3890625 0.05390625 0.08359375
1 0.82265625 0.5359375 0.11953125 0.2453125