1 0.33125 0.20390625 0.0453125 0.13203125
1 0.22890625 0.3953125 0.084375 0.13515625
1 0.4171875 0.35234375 0.0609375 0.13359375
1 0.44453125 0.20625 0.04765625 0.0953125
1 0.3875 0.13984375 0.0359375 0.08125
1 0.04921875 0.7875 0.0984375 0.31640625
1 0.35859375 0.940625 0.1546875 0.11875
1 0.71796875 0.4296875 0.07109375 0.16015625
1 0.8890625 0.5265625 0.08984375 0.1484375
1 0.81171875 0.2609375 0.05859375 0.12734375
1 0.74609375 0.16875 0.040625 0.10859375
1 0.65234375 0.25234375 0.05703125 0.1296875
1 0.6421875 0.13828125 0.0484375 0.09296875
1 0.71015625 0.08125 0.0421875 0.10703125
1 0.671875 0.0421875 0.04765625 0.084375
1 0.56484375 0.03359375 0.03203125 0.0671875
1 0.41171875 0.05234375 0.03359375 0.07421875