1 0.03828125 0.7140625 0.07578125 0.284375
1 0.1421875 0.446875 0.121875 0.2
1 0.3625 0.33671875 0.06640625 0.15234375
1 0.6359375 0.42421875 0.06953125 0.13515625
1 0.81171875 0.45 0.071875 0.15859375
1 0.5890625 0.2234375 0.04609375 0.10703125
1 0.7328125 0.215625 0.04609375 0.115625
1 0.67578125 0.14140625 0.0484375 0.09140625
1 0.57421875 0.12109375 0.03984375 0.07890625
1 0.64921875 0.05390625 0.02578125 0.0640625
1 0.39921875 0.1828125 0.040625 0.11171875
1 0.25390625 0.1828125 0.05859375 0.13984375
1 0.33359375 0.128125 0.04765625 0.0921875
1 0.34765625 0.0328125 0.03515625 0.05
1 0.5015625 0.03046875 0.03828125 0.0609375