1 0.4234375 0.3109375 0.04453125 0.078125
1 0.6078125 0.3015625 0.04375 0.0734375
1 0.35390625 0.38125 0.03671875 0.05390625
1 0.4796875 0.39296875 0.0515625 0.08046875
1 0.43125 0.38671875 0.053125 0.05546875
1 0.32265625 0.42421875 0.046875 0.06484375
1 0.40625 0.43671875 0.06171875 0.10859375
1 0.26875 0.4703125 0.0828125 0.0984375
1 0.2046875 0.56953125 0.0921875 0.13046875
1 0.02734375 0.70703125 0.0546875 0.2328125
1 0.584375 0.3796875 0.0546875 0.06328125
1 0.609375 0.42734375 0.05234375 0.06796875
1 0.7046875 0.3875 0.05234375 0.05234375
1 0.765625 0.3953125 0.07265625 0.10234375
1 0.65859375 0.509375 0.1109375 0.153125
1 0.859375 0.478125 0.10859375 0.13828125