1 0.35078125 0.54140625 0.18671875 0.55546875
1 0.1609375 0.5609375 0.19765625 0.51875
1 0.55 0.5 0.13671875 0.70625
1 0.628125 0.646875 0.22421875 0.6984375
1 0.24375 0.31640625 0.1171875 0.31171875
1 0.634375 0.19140625 0.06640625 0.21328125
1 0.084375 0.89609375 0.16875 0.20390625
1 0.3109375 0.8671875 0.19921875 0.26171875
1 0.39375 0.32109375 0.13671875 0.3765625
1 0.4640625 0.1421875 0.06015625 0.284375
1 0.54140625 0.1859375 0.08359375 0.240625
1 0.3234375 0.096875 0.07421875 0.19375
1 0.6 0.08671875 0.04765625 0.15078125
1 0.77890625 0.59765625 0.17578125 0.48515625
1 0.28828125 0.18828125 0.08671875 0.215625
1 0.5515625 0.0359375 0.03984375 0.071875
1 0.35078125 0.05 0.04375 0.09921875
1 0.6796875 0.31171875 0.09296875 0.33125