1 0.04765625 0.7734375 0.0953125 0.446875
1 0.42265625 0.609375 0.15546875 0.478125
1 0.25 0.528125 0.15859375 0.20859375
1 0.8390625 0.79375 0.31953125 0.40625
1 0.48203125 0.44609375 0.06171875 0.1703125
1 0.73046875 0.4390625 0.07890625 0.184375
1 0.8328125 0.46015625 0.08359375 0.09453125
1 0.56328125 0.4609375 0.07734375 0.24140625
1 0.665625 0.70078125 0.2125 0.578125
1 0.57265625 0.62109375 0.1015625 0.4703125
1 0.359375 0.415625 0.04296875 0.12421875
1 0.7375 0.38828125 0.0546875 0.08359375
1 0.81875 0.53828125 0.1109375 0.2515625