1 0.640625 0.70390625 0.1890625 0.578125
1 0.0484375 0.778125 0.096875 0.4375
1 0.4421875 0.6046875 0.11953125 0.4546875
1 0.22265625 0.5828125 0.09609375 0.13984375
1 0.68984375 0.48046875 0.08828125 0.13046875
1 0.56015625 0.6203125 0.07890625 0.46484375
1 0.73203125 0.3921875 0.0578125 0.078125
1 0.5625 0.48515625 0.07421875 0.19375
1 0.47734375 0.446875 0.05703125 0.178125
1 0.8375 0.7953125 0.3234375 0.4046875
1 0.8171875 0.5421875 0.11484375 0.2515625
1 0.6859375 0.3875 0.03671875 0.03203125
1 0.3515625 0.3875 0.03828125 0.05078125
1 0.3109375 0.42265625 0.0484375 0.04140625
1 0.290625 0.51015625 0.11015625 0.165625
1 0.03515625 0.690625 0.06953125 0.26171875