1 0.1796875 0.48359375 0.0703125 0.12890625
1 0.36953125 0.40078125 0.06953125 0.15703125
1 0.0328125 0.74765625 0.065625 0.30703125
1 0.665625 0.4359375 0.0734375 0.171875
1 0.83125 0.4703125 0.07109375 0.15625
1 0.74609375 0.2609375 0.046875 0.14609375
1 0.590625 0.259375 0.0546875 0.10703125
1 0.6765625 0.175 0.05078125 0.09140625
1 0.575 0.15625 0.04453125 0.08046875
1 0.63984375 0.0859375 0.03203125 0.0796875
1 0.60546875 0.06328125 0.02890625 0.08203125
1 0.49921875 0.05 0.034375 0.0765625
1 0.3484375 0.0859375 0.03828125 0.08671875
1 0.32734375 0.18125 0.0484375 0.09609375
1 0.2859375 0.27109375 0.04453125 0.121875
1 0.384375 0.24140625 0.05390625 0.1078125
1 0.36875 0.03125 0.040625 0.0625