1 0.42421875 0.61171875 0.1546875 0.46953125
1 0.628125 0.60703125 0.1421875 0.36875
1 0.821875 0.5390625 0.1140625 0.24921875
1 0.4765625 0.45078125 0.04453125 0.171875
1 0.8375 0.465625 0.0828125 0.10078125
1 0.35546875 0.3859375 0.03515625 0.05703125
1 0.73203125 0.4453125 0.07421875 0.1828125
1 0.0484375 0.778125 0.09609375 0.43671875
1 0.034375 0.69609375 0.06875 0.271875
1 0.65546875 0.4921875 0.08515625 0.1390625
1 0.44765625 0.45546875 0.07265625 0.190625
1 0.74140625 0.39453125 0.05546875 0.08125
1 0.83828125 0.7953125 0.32109375 0.403125
1 0.3234375 0.42109375 0.04140625 0.04765625
1 0.578125 0.62109375 0.11796875 0.47265625
1 0.56796875 0.4671875 0.078125 0.21953125
1 0.66328125 0.70703125 0.21484375 0.56796875