1 0.4171875 0.29296875 0.0453125 0.07421875
1 0.61015625 0.29765625 0.059375 0.06015625
1 0.359375 0.375 0.04609375 0.0765625
1 0.32109375 0.42578125 0.03984375 0.0546875
1 0.278125 0.46796875 0.10078125 0.0890625
1 0.21796875 0.56484375 0.115625 0.1046875
1 0.04375 0.69375 0.08046875 0.28671875
1 0.4046875 0.434375 0.04921875 0.11328125
1 0.43046875 0.39765625 0.03828125 0.08515625
1 0.46953125 0.39140625 0.03828125 0.096875
1 0.5828125 0.38515625 0.04609375 0.0609375
1 0.7 0.38515625 0.03984375 0.0515625
1 0.590625 0.4359375 0.0640625 0.0609375
1 0.765625 0.39296875 0.0625 0.09453125
1 0.65703125 0.5015625 0.09296875 0.14296875
1 0.84296875 0.46953125 0.09609375 0.1375