1 0.42265625 0.61484375 0.16015625 0.4703125
1 0.603125 0.7125 0.15546875 0.559375
1 0.74296875 0.39375 0.05546875 0.07890625
1 0.815625 0.53515625 0.10703125 0.23515625
1 0.82265625 0.48046875 0.09140625 0.12578125
1 0.6875 0.38828125 0.04296875 0.03046875
1 0.22421875 0.58359375 0.09609375 0.115625
1 0.8390625 0.79375 0.31953125 0.40703125
1 0.3234375 0.425 0.0359375 0.03984375
1 0.359375 0.3875 0.0359375 0.05546875
1 0.55703125 0.4703125 0.05625 0.21171875
1 0.7265625 0.44375 0.08984375 0.18046875
1 0.621875 0.6140625 0.1171875 0.36015625
1 0.01875 0.70234375 0.0375 0.16875
1 0.5796875 0.52734375 0.0984375 0.28515625