1 0.61328125 0.61015625 0.21640625 0.76484375
1 0.5421875 0.425 0.1296875 0.7
1 0.34453125 0.47421875 0.1859375 0.56640625
1 0.765625 0.56640625 0.16953125 0.5796875
1 0.09140625 0.7625 0.1828125 0.46875
1 0.23515625 0.23984375 0.11484375 0.30859375
1 0.68203125 0.228125 0.12265625 0.31875
1 0.31328125 0.89765625 0.22265625 0.2
1 0.51875 0.13125 0.07421875 0.259375
1 0.378125 0.24609375 0.1234375 0.3609375
1 0.1671875 0.48671875 0.190625 0.48828125
1 0.2859375 0.115625 0.07421875 0.1984375
1 0.62265625 0.128125 0.0734375 0.19921875
1 0.303125 0.775 0.23359375 0.44140625
1 0.31484375 0.0625 0.071875 0.125