1 0.4203125 0.60859375 0.15859375 0.47265625
1 0.61796875 0.71015625 0.13671875 0.56640625
1 0.04765625 0.7828125 0.0953125 0.428125
1 0.834375 0.46640625 0.08359375 0.0984375
1 0.47734375 0.44453125 0.04609375 0.1671875
1 0.73828125 0.3921875 0.05546875 0.084375
1 0.8203125 0.5421875 0.11328125 0.24921875
1 0.45234375 0.46640625 0.084375 0.21953125
1 0.64296875 0.496875 0.0859375 0.1390625
1 0.56875 0.621875 0.09609375 0.47734375
1 0.6890625 0.38671875 0.03828125 0.0328125
1 0.353125 0.3875 0.03828125 0.05078125
1 0.8390625 0.7953125 0.3203125 0.403125
1 0.28984375 0.484375 0.10703125 0.1671875
1 0.728125 0.44453125 0.08203125 0.18828125
1 0.30703125 0.42265625 0.0453125 0.04296875
1 0.5734375 0.465625 0.08515625 0.2125