1 0.70390625 0.66015625 0.21953125 0.675
1 0.13359375 0.759375 0.26640625 0.47734375
1 0.8734375 0.696875 0.20703125 0.59453125
1 0.796875 0.321875 0.1359375 0.31328125
1 0.6421875 0.20078125 0.09375 0.25625
1 0.34609375 0.2828125 0.090625 0.30703125
1 0.71171875 0.10625 0.0671875 0.16640625
1 0.74765625 0.2125 0.084375 0.21171875
1 0.48984375 0.3 0.11796875 0.38984375
1 0.409375 0.1609375 0.0546875 0.1703125
1 0.43671875 0.50234375 0.17578125 0.51953125
1 0.26796875 0.50703125 0.16171875 0.4359375
1 0.4328125 0.0609375 0.06640625 0.12109375
1 0.85546875 0.0828125 0.0515625 0.165625
1 0.63359375 0.50859375 0.17265625 0.68828125
1 0.68515625 0.04375 0.0421875 0.0875
1 0.5765625 0.03828125 0.0484375 0.0765625
1 0.57109375 0.20546875 0.059375 0.4109375