1 0.425 0.38828125 0.0359375 0.0765625
1 0.4046875 0.4265625 0.06171875 0.11171875
1 0.3578125 0.38203125 0.040625 0.06484375
1 0.32109375 0.42578125 0.03984375 0.05078125
1 0.26796875 0.4703125 0.0671875 0.08828125
1 0.21328125 0.5890625 0.1109375 0.1234375
1 0.0375 0.6859375 0.07265625 0.2359375
1 0.57578125 0.39375 0.03984375 0.0734375
1 0.603125 0.425 0.05546875 0.0859375
1 0.68359375 0.390625 0.03984375 0.0578125
1 0.74375 0.3921875 0.065625 0.103125
1 0.67109375 0.49765625 0.0921875 0.153125
1 0.8375 0.4609375 0.10234375 0.10703125
1 0.61875 0.2859375 0.046875 0.05546875
1 0.4125 0.29375 0.04609375 0.06796875