1 0.678125 0.65546875 0.2296875 0.6828125
1 0.1203125 0.79375 0.240625 0.40625
1 0.40234375 0.5390625 0.18125 0.5265625
1 0.5921875 0.51796875 0.15234375 0.69921875
1 0.2140625 0.60703125 0.1953125 0.409375
1 0.73671875 0.3203125 0.12890625 0.34296875
1 0.425 0.3234375 0.16328125 0.3796875
1 0.6453125 0.10859375 0.06015625 0.16875
1 0.58359375 0.209375 0.08125 0.26015625
1 0.83359375 0.64375 0.19765625 0.56640625
1 0.6828125 0.20625 0.07109375 0.2125
1 0.2984375 0.3328125 0.10625 0.30625
1 0.3734375 0.11328125 0.0671875 0.19296875
1 0.51015625 0.203125 0.06015625 0.4046875
1 0.3515625 0.20078125 0.05390625 0.1703125
1 0.39296875 0.06015625 0.05234375 0.1203125
1 0.61953125 0.04765625 0.03984375 0.0953125