1 0.0484375 0.7765625 0.096875 0.44140625
1 0.4234375 0.6 0.1546875 0.47421875
1 0.21953125 0.58125 0.1015625 0.134375
1 0.4703125 0.434375 0.04453125 0.16640625
1 0.29140625 0.48671875 0.10546875 0.109375
1 0.82421875 0.475 0.0828125 0.10625
1 0.66484375 0.6375 0.209375 0.44296875
1 0.8390625 0.79609375 0.3203125 0.4
1 0.81328125 0.54453125 0.10546875 0.2453125
1 0.575 0.62421875 0.10234375 0.4625
1 0.35625 0.3875 0.0359375 0.05234375
1 0.7453125 0.3921875 0.05390625 0.084375
1 0.5640625 0.478125 0.07421875 0.23515625
1 0.32734375 0.41875 0.04140625 0.05234375
1 0.57890625 0.39296875 0.04140625 0.065625
1 0.690625 0.3875 0.03828125 0.0296875