1 0.41171875 0.296875 0.02890625 0.04921875
1 0.61875 0.2921875 0.03125 0.04921875
1 0.36015625 0.39296875 0.0484375 0.0765625
1 0.42890625 0.38984375 0.03984375 0.065625
1 0.32734375 0.43359375 0.053125 0.04765625
1 0.40859375 0.428125 0.0515625 0.1109375
1 0.2625 0.47421875 0.053125 0.0828125
1 0.22265625 0.57265625 0.096875 0.13203125
1 0.03046875 0.69765625 0.0578125 0.23671875
1 0.5703125 0.3953125 0.0390625 0.07265625
1 0.69453125 0.38984375 0.04375 0.05234375
1 0.61171875 0.42421875 0.04453125 0.0703125
1 0.67421875 0.4890625 0.0828125 0.1578125
1 0.7609375 0.3953125 0.07734375 0.09453125
1 0.859375 0.46328125 0.1046875 0.1171875