1 0.4265625 0.2921875 0.040625 0.06796875
1 0.35859375 0.37890625 0.034375 0.06640625
1 0.4328125 0.378125 0.034375 0.05546875
1 0.61875 0.3234375 0.05703125 0.0625
1 0.32265625 0.4296875 0.04375 0.04921875
1 0.278125 0.4609375 0.084375 0.06640625
1 0.409375 0.41796875 0.08359375 0.10390625
1 0.228125 0.5671875 0.103125 0.10859375
1 0.040625 0.68046875 0.08125 0.25625
1 0.58203125 0.3984375 0.04140625 0.115625
1 0.6109375 0.43515625 0.053125 0.09140625
1 0.69296875 0.38203125 0.04453125 0.059375
1 0.75546875 0.38359375 0.05546875 0.1140625
1 0.840625 0.46171875 0.0875 0.0953125
1 0.6796875 0.4796875 0.08359375 0.153125