1 0.6953125 0.653125 0.23359375 0.6875
1 0.1265625 0.7890625 0.2515625 0.41796875
1 0.8640625 0.678125 0.19765625 0.621875
1 0.4203125 0.54453125 0.17421875 0.546875
1 0.6171875 0.51640625 0.13671875 0.69375
1 0.6734375 0.103125 0.06484375 0.17265625
1 0.71171875 0.2046875 0.07734375 0.2125
1 0.325 0.3265625 0.10390625 0.28515625
1 0.5984375 0.20390625 0.07578125 0.25703125
1 0.39921875 0.10859375 0.06953125 0.184375
1 0.75859375 0.31875 0.1203125 0.346875
1 0.25546875 0.55390625 0.16875 0.45625
1 0.3828125 0.92421875 0.16875 0.14765625
1 0.459375 0.3265625 0.12890625 0.3640625
1 0.37109375 0.20703125 0.06875 0.19140625
1 0.53515625 0.153125 0.0578125 0.30625
1 0.41953125 0.06015625 0.05234375 0.1203125
1 0.4859375 0.49921875 0.9640625 0.99453125
1 0.64296875 0.0578125 0.0359375 0.11484375