1 0.459375 0.37578125 0.03828125 0.06796875
1 0.428125 0.3953125 0.0375 0.07890625
1 0.409375 0.44609375 0.0546875 0.08515625
1 0.37109375 0.3859375 0.05234375 0.065625
1 0.33046875 0.4234375 0.046875 0.07734375
1 0.2609375 0.47109375 0.07421875 0.084375
1 0.2140625 0.57734375 0.09140625 0.12890625
1 0.04453125 0.73984375 0.0546875 0.271875
1 0.74453125 0.40078125 0.0859375 0.08671875
1 0.70625 0.3765625 0.04140625 0.05234375
1 0.5859375 0.384375 0.04453125 0.040625
1 0.61328125 0.4421875 0.0671875 0.08515625
1 0.65234375 0.51015625 0.11875 0.140625
1 0.8203125 0.46171875 0.09375 0.10625