1 0.346875 0.14609375 0.04609375 0.08125
1 0.315625 0.23046875 0.05 0.1265625
1 0.43203125 0.24296875 0.075 0.1171875
1 0.41328125 0.36875 0.07421875 0.18515625
1 0.2234375 0.4203125 0.09453125 0.15625
1 0.06015625 0.75703125 0.1203125 0.34453125
1 0.6859375 0.43203125 0.065625 0.15
1 0.8734375 0.47421875 0.078125 0.18359375
1 0.7875 0.25625 0.05234375 0.15859375
1 0.6296875 0.24140625 0.0421875 0.1109375
1 0.73046875 0.165625 0.03671875 0.103125
1 0.68984375 0.0796875 0.04296875 0.0890625
1 0.64296875 0.03515625 0.02890625 0.05859375
1 0.53984375 0.0375 0.03515625 0.06640625
1 0.60703125 0.1234375 0.04453125 0.08828125
1 0.38828125 0.06796875 0.0375 0.06953125
1 0.40859375 0.01875 0.0421875 0.0375