1 0.628125 0.7078125 0.14296875 0.5625
1 0.2234375 0.59140625 0.1 0.13125
1 0.43046875 0.60859375 0.14921875 0.45390625
1 0.8484375 0.453125 0.0828125 0.09765625
1 0.28984375 0.45703125 0.1015625 0.1
1 0.7375 0.43828125 0.08359375 0.1859375
1 0.35703125 0.38984375 0.03515625 0.05625
1 0.0296875 0.71015625 0.059375 0.2390625
1 0.3203125 0.42890625 0.03984375 0.04140625
1 0.05234375 0.79296875 0.1046875 0.4046875
1 0.565625 0.4796875 0.06484375 0.23359375
1 0.8296875 0.53203125 0.12109375 0.2546875
1 0.665625 0.32890625 0.0140625 0.0875
1 0.6984375 0.38359375 0.0359375 0.03046875
1 0.396875 0.43359375 0.06328125 0.10078125
1 0.7515625 0.38671875 0.05703125 0.08203125
1 0.14140625 0.434375 0.02734375 0.1125
1 0.2203125 0.4171875 0.0140625 0.08671875
1 0.57734375 0.6203125 0.11171875 0.4625