1 0.05 0.7328125 0.09921875 0.28203125
1 0.159375 0.47890625 0.09296875 0.171875
1 0.36484375 0.38671875 0.08203125 0.1421875
1 0.6578125 0.41796875 0.0671875 0.13671875
1 0.84921875 0.4625 0.05234375 0.184375
1 0.2546875 0.21640625 0.06875 0.1390625
1 0.4140625 0.1921875 0.0421875 0.08671875
1 0.33125 0.14609375 0.0484375 0.0953125
1 0.5953125 0.23203125 0.04765625 0.090625
1 0.7453125 0.21015625 0.05859375 0.11796875
1 0.68515625 0.14765625 0.0484375 0.08515625
1 0.58359375 0.121875 0.046875 0.0671875
1 0.34609375 0.0421875 0.0546875 0.07890625
1 0.50078125 0.02578125 0.028125 0.0421875
1 0.653125 0.05546875 0.04296875 0.08515625