1 0.41875 0.2890625 0.0515625 0.0796875
1 0.61953125 0.29296875 0.04453125 0.05625
1 0.36015625 0.38828125 0.05 0.0765625
1 0.4328125 0.38828125 0.0515625 0.0765625
1 0.4125 0.43984375 0.07265625 0.096875
1 0.3140625 0.4328125 0.0359375 0.05
1 0.26953125 0.46953125 0.078125 0.0921875
1 0.22578125 0.58125 0.10078125 0.14140625
1 0.03828125 0.696875 0.075 0.24296875
1 0.575 0.3953125 0.0484375 0.08515625
1 0.603125 0.4390625 0.06796875 0.08046875
1 0.6875 0.396875 0.05234375 0.04765625
1 0.66953125 0.49765625 0.0921875 0.14375
1 0.7546875 0.39921875 0.0796875 0.1203125
1 0.8421875 0.4703125 0.103125 0.13984375