1 0.4328125 0.59765625 0.134375 0.47578125
1 0.56171875 0.609375 0.10703125 0.5515625
1 0.66796875 0.69921875 0.19765625 0.58828125
1 0.8375 0.753125 0.321875 0.4890625
1 0.22109375 0.57890625 0.0984375 0.13046875
1 0.04765625 0.78515625 0.0953125 0.4234375
1 0.284375 0.50625 0.1171875 0.17578125
1 0.26015625 0.459375 0.06875 0.0828125
1 0.83515625 0.4703125 0.08125 0.1078125
1 0.31640625 0.490625 0.06328125 0.20234375
1 0.31015625 0.415625 0.04140625 0.05234375
1 0.9640625 0.60703125 0.0703125 0.19921875
1 0.1734375 0.65703125 0.19453125 0.284375
1 0.7421875 0.39140625 0.05625 0.08515625