1 0.08984375 0.50390625 0.09921875 0.14765625
1 0.30078125 0.37890625 0.07734375 0.15078125
1 0.596875 0.40703125 0.06953125 0.1328125
1 0.79140625 0.42734375 0.075 0.1421875
1 0.5328125 0.2125 0.04765625 0.09375
1 0.6796875 0.18984375 0.0625 0.1171875
1 0.334375 0.209375 0.05703125 0.1046875
1 0.19453125 0.25 0.05390625 0.1
1 0.26796875 0.17734375 0.04296875 0.07734375
1 0.5109375 0.11328125 0.04375 0.0875
1 0.6234375 0.1203125 0.040625 0.08828125
1 0.58046875 0.05859375 0.03828125 0.09765625
1 0.43046875 0.0296875 0.05078125 0.05859375
1 0.2765625 0.065625 0.05390625 0.071875
1 0.5359375 0.0265625 0.034375 0.05234375
1 0.29609375 0.02109375 0.04609375 0.04140625