1 0.1109375 0.4546875 0.090625 0.13671875
1 0.33515625 0.4015625 0.06875 0.146875
1 0.20859375 0.28671875 0.0671875 0.1140625
1 0.36015625 0.27890625 0.0625 0.1234375
1 0.28125 0.18515625 0.06484375 0.09375
1 0.31328125 0.103125 0.065625 0.10234375
1 0.4578125 0.05234375 0.0390625 0.07734375
1 0.31640625 0.0421875 0.04296875 0.0390625
1 0.54296875 0.04375 0.03125 0.06484375
1 0.590625 0.10078125 0.0390625 0.08671875
1 0.54375 0.16015625 0.0484375 0.0796875
1 0.628125 0.18125 0.0359375 0.08671875
1 0.68359375 0.259375 0.05234375 0.12109375
1 0.55234375 0.28515625 0.04453125 0.1109375
1 0.61953125 0.425 0.075 0.14375
1 0.7703125 0.47421875 0.09453125 0.15078125