1 0.21953125 0.57265625 0.09765625 0.12109375
1 0.42734375 0.6 0.1578125 0.4875
1 0.82578125 0.528125 0.11015625 0.2484375
1 0.73671875 0.4328125 0.07890625 0.18671875
1 0.35859375 0.38359375 0.0390625 0.05390625
1 0.83828125 0.4578125 0.08359375 0.10625
1 0.63125 0.7 0.1375 0.56171875
1 0.2609375 0.46953125 0.06328125 0.05859375
1 0.05 0.78125 0.1 0.43125
1 0.746875 0.38125 0.05703125 0.084375
1 0.034375 0.69140625 0.06796875 0.25078125
1 0.56484375 0.47265625 0.06171875 0.2203125
1 0.31796875 0.4203125 0.034375 0.03984375
1 0.57734375 0.6203125 0.11015625 0.4734375