1 0.68515625 0.6609375 0.22265625 0.671875
1 0.11875 0.7640625 0.23671875 0.465625
1 0.41796875 0.53359375 0.175 0.50859375
1 0.84765625 0.69140625 0.1875 0.6125
1 0.76953125 0.33828125 0.13515625 0.34375
1 0.4609375 0.30859375 0.13671875 0.38046875
1 0.24609375 0.5203125 0.16484375 0.425
1 0.328125 0.2953125 0.10390625 0.265625
1 0.6078125 0.20703125 0.0734375 0.253125
1 0.61640625 0.51875 0.1609375 0.6875
1 0.384375 0.18515625 0.0578125 0.18671875
1 0.39453125 0.10078125 0.09921875 0.190625
1 0.6859375 0.11328125 0.0609375 0.16796875
1 0.3609375 0.9046875 0.18671875 0.1875
1 0.5453125 0.11015625 0.06015625 0.21796875
1 0.71953125 0.21484375 0.07890625 0.21015625
1 0.30390625 0.10234375 0.0625 0.13203125
1 0.62734375 0.35546875 0.13515625 0.36015625
1 0.6578125 0.059375 0.0421875 0.11796875
1 0.47734375 0.49921875 0.94453125 0.9953125