1 0.103125 0.5328125 0.11015625 0.178125
1 0.32109375 0.3984375 0.0796875 0.15703125
1 0.20625 0.26640625 0.0578125 0.090625
1 0.34921875 0.225 0.04921875 0.09921875
1 0.27890625 0.2 0.05 0.08203125
1 0.5875 0.42578125 0.053125 0.128125
1 0.759375 0.44609375 0.06328125 0.13828125
1 0.5390625 0.27109375 0.05 0.109375
1 0.67734375 0.23828125 0.05546875 0.10859375
1 0.5125 0.1453125 0.040625 0.0640625
1 0.61875 0.16953125 0.05234375 0.08125
1 0.5828125 0.08984375 0.03359375 0.06015625
1 0.54921875 0.05546875 0.028125 0.0734375
1 0.44765625 0.04921875 0.05390625 0.075
1 0.28984375 0.10078125 0.0453125 0.08984375
1 0.3125 0.0453125 0.06328125 0.071875