1 0.66015625 0.66640625 0.2234375 0.66171875
1 0.10546875 0.8015625 0.21015625 0.3921875
1 0.825 0.6515625 0.2125 0.55078125
1 0.57890625 0.534375 0.1453125 0.68828125
1 0.2078125 0.609375 0.18203125 0.45625
1 0.67109375 0.2234375 0.06796875 0.21484375
1 0.28984375 0.33671875 0.11328125 0.3
1 0.5546875 0.228125 0.05859375 0.25
1 0.63671875 0.125 0.059375 0.16328125
1 0.72578125 0.31640625 0.128125 0.29140625
1 0.36484375 0.1234375 0.06953125 0.16875
1 0.4265625 0.34296875 0.1359375 0.371875
1 0.3296875 0.2171875 0.07890625 0.184375
1 0.253125 0.10625 0.04609375 0.18671875
1 0.39140625 0.6203125 0.18515625 0.646875
1 0.50234375 0.18359375 0.05859375 0.340625
1 0.384375 0.0734375 0.04921875 0.1375
1 0.61015625 0.07421875 0.04140625 0.11953125
1 0.52265625 0.5 0.815625 0.9875