1 0.75859375 0.57890625 0.184375 0.540625
1 0.6109375 0.6390625 0.221875 0.715625
1 0.33125 0.5171875 0.18828125 0.49453125
1 0.134375 0.61875 0.21953125 0.41796875
1 0.528125 0.48828125 0.1234375 0.69609375
1 0.659375 0.2859375 0.13046875 0.3390625
1 0.36796875 0.33984375 0.1375 0.434375
1 0.60546875 0.17890625 0.06875 0.2140625
1 0.2140625 0.32890625 0.10859375 0.30546875
1 0.50859375 0.184375 0.07890625 0.25546875
1 0.56640625 0.08125 0.05390625 0.1609375
1 0.4359375 0.20234375 0.065625 0.4046875
1 0.0828125 0.865625 0.16484375 0.265625
1 0.2703125 0.1890625 0.06484375 0.16875
1 0.28828125 0.1046875 0.08046875 0.19296875
1 0.44765625 0.4984375 0.85703125 0.99140625
1 0.53125 0.0453125 0.025 0.08984375