1 0.8515625 0.475 0.0875 0.1296875
1 0.740625 0.39921875 0.0609375 0.1046875
1 0.68671875 0.37109375 0.04453125 0.059375
1 0.58359375 0.37890625 0.03125 0.03515625
1 0.5953125 0.43359375 0.0546875 0.0828125
1 0.63828125 0.5140625 0.0671875 0.1171875
1 0.4703125 0.38984375 0.0390625 0.07109375
1 0.4234375 0.384375 0.06015625 0.06015625
1 0.40625 0.44609375 0.07421875 0.1171875
1 0.35078125 0.39140625 0.0359375 0.0578125
1 0.33828125 0.43984375 0.05625 0.08671875
1 0.25 0.478125 0.06484375 0.08125
1 0.0515625 0.73671875 0.10234375 0.246875