1 0.77890625 0.62109375 0.19140625 0.609375
1 0.63046875 0.65390625 0.23046875 0.68671875
1 0.14375 0.63359375 0.21796875 0.4
1 0.34296875 0.53828125 0.18671875 0.48359375
1 0.5390625 0.51171875 0.11953125 0.703125
1 0.6671875 0.2671875 0.1234375 0.27421875
1 0.61328125 0.1953125 0.065625 0.2140625
1 0.09140625 0.859375 0.18203125 0.27734375
1 0.22890625 0.359375 0.10390625 0.29375
1 0.29921875 0.1234375 0.078125 0.1546875
1 0.44453125 0.20625 0.06796875 0.39609375
1 0.5734375 0.10078125 0.05078125 0.16640625
1 0.28515625 0.2234375 0.0640625 0.1609375
1 0.54296875 0.05625 0.03515625 0.1125
1 0.51796875 0.2078125 0.08671875 0.253125
1 0.31484375 0.07109375 0.05390625 0.1234375
1 0.45546875 0.4984375 0.84765625 0.98984375
1 0.38046875 0.34296875 0.140625 0.36796875