1 0.23515625 0.19921875 0.04765625 0.13984375
1 0.3953125 0.1578125 0.0484375 0.1125
1 0.35859375 0.32578125 0.06953125 0.17734375
1 0.1546875 0.41171875 0.09609375 0.17890625
1 0.0484375 0.68359375 0.09609375 0.33671875
1 0.6375 0.3578125 0.07109375 0.14921875
1 0.846875 0.39453125 0.10390625 0.18671875
1 0.7375 0.1609375 0.05078125 0.14609375
1 0.66875 0.1 0.05546875 0.10703125
1 0.57890625 0.18125 0.04296875 0.090625
1 0.321875 0.09765625 0.05234375 0.084375
1 0.55546875 0.0609375 0.03828125 0.084375
1 0.3375 0.021875 0.040625 0.0421875
1 0.63359375 0.02734375 0.03203125 0.053125