1 0.42265625 0.60625 0.15625 0.46484375
1 0.2046875 0.56484375 0.09609375 0.121875
1 0.04765625 0.7765625 0.0953125 0.44140625
1 0.575 0.61015625 0.10625 0.4859375
1 0.35 0.3859375 0.03515625 0.05078125
1 0.83828125 0.796875 0.321875 0.40078125
1 0.74296875 0.39140625 0.05390625 0.0828125
1 0.4671875 0.428125 0.04296875 0.14140625
1 0.0328125 0.684375 0.065625 0.25703125
1 0.66640625 0.64140625 0.209375 0.44296875
1 0.83984375 0.465625 0.08203125 0.09921875
1 0.69140625 0.384375 0.04296875 0.0359375
1 0.44765625 0.4609375 0.0765625 0.2015625
1 0.3109375 0.4203125 0.04375 0.0421875
1 0.2125 0.62265625 0.1125 0.23828125
1 0.1875 0.4328125 0.21484375 0.35625