1 0.115625 0.81640625 0.23125 0.3640625
1 0.678125 0.66015625 0.228125 0.6734375
1 0.409375 0.5421875 0.1765625 0.55625
1 0.58671875 0.51484375 0.19140625 0.690625
1 0.83359375 0.63203125 0.1828125 0.5140625
1 0.446875 0.27421875 0.13671875 0.30859375
1 0.75390625 0.30546875 0.13515625 0.30390625
1 0.5296875 0.19921875 0.059375 0.39765625
1 0.70546875 0.2125 0.078125 0.2015625
1 0.31953125 0.30390625 0.11484375 0.30859375
1 0.36328125 0.9265625 0.22890625 0.14375
1 0.5875 0.19375 0.06796875 0.234375
1 0.365625 0.1984375 0.06796875 0.190625
1 0.3953125 0.10234375 0.06484375 0.19453125
1 0.23671875 0.559375 0.171875 0.51015625
1 0.75546875 0.12109375 0.03671875 0.1390625
1 0.66953125 0.10625 0.06171875 0.16796875
1 0.58671875 0.3421875 0.19140625 0.34453125