1 0.11875 0.8 0.2375 0.39375
1 0.69375 0.6734375 0.23046875 0.64765625
1 0.41953125 0.5796875 0.17421875 0.54375
1 0.85859375 0.7015625 0.196875 0.590625
1 0.61328125 0.55390625 0.14140625 0.690625
1 0.2484375 0.6109375 0.16328125 0.4546875
1 0.3234375 0.3609375 0.0984375 0.275
1 0.70859375 0.24765625 0.071875 0.20859375
1 0.7578125 0.334375 0.1125 0.26640625
1 0.465625 0.3515625 0.12578125 0.36484375
1 0.6078125 0.23984375 0.090625 0.24296875
1 0.4046875 0.14765625 0.06796875 0.18203125
1 0.3796875 0.2328125 0.05546875 0.17109375
1 0.40625 0.92578125 0.14921875 0.14453125
1 0.5390625 0.19140625 0.06015625 0.31328125
1 0.42109375 0.0875 0.04609375 0.12890625
1 0.6859375 0.11015625 0.03671875 0.08828125
1 0.67890625 0.1453125 0.05234375 0.1578125
1 0.6453125 0.0984375 0.03671875 0.115625