1 0.2328125 0.46015625 0.084375 0.165625
1 0.425 0.3859375 0.071875 0.1640625
1 0.4640625 0.21953125 0.04375 0.125
1 0.3234375 0.2390625 0.053125 0.1
1 0.4 0.18515625 0.05234375 0.09375
1 0.41953125 0.09296875 0.02890625 0.05703125
1 0.44296875 0.034375 0.0265625 0.05390625
1 0.715625 0.45859375 0.0609375 0.18046875
1 0.90234375 0.53984375 0.05703125 0.17890625
1 0.8140625 0.28125 0.046875 0.13359375
1 0.7609375 0.20703125 0.05625 0.10546875
1 0.65625 0.26875 0.04375 0.09609375
1 0.62421875 0.159375 0.034375 0.06875
1 0.7140625 0.10546875 0.03671875 0.08125
1 0.675 0.0703125 0.03515625 0.084375
1 0.5703125 0.06796875 0.0375 0.07109375
1 0.08984375 0.70625 0.11953125 0.290625