1 0.56640625 0.3984375 0.05546875 0.075
1 0.58046875 0.43203125 0.065625 0.084375
1 0.69921875 0.40078125 0.103125 0.09296875
1 0.7421875 0.39453125 0.071875 0.09296875
1 0.69140625 0.54375 0.13984375 0.10234375
1 0.88203125 0.49921875 0.1140625 0.175
1 0.42890625 0.396875 0.05546875 0.0671875
1 0.41171875 0.44375 0.06484375 0.08671875
1 0.36875 0.3859375 0.0671875 0.08125
1 0.33125 0.446875 0.06484375 0.10390625
1 0.28515625 0.471875 0.0625 0.0828125
1 0.2109375 0.5859375 0.14296875 0.125
1 0.02890625 0.734375 0.0578125 0.33984375