1 0.8921875 0.37734375 0.0421875 0.13515625
1 0.61796875 0.70625 0.18125 0.5734375
1 0.4375 0.60703125 0.12734375 0.471875
1 0.21796875 0.58515625 0.09921875 0.13046875
1 0.284375 0.45234375 0.115625 0.103125
1 0.8265625 0.5375 0.12265625 0.25390625
1 0.35546875 0.38515625 0.03828125 0.05703125
1 0.8453125 0.46015625 0.08359375 0.09921875
1 0.759375 0.39140625 0.0625 0.07890625
1 0.7453125 0.44375 0.0921875 0.1828125
1 0.03046875 0.69140625 0.0609375 0.2484375
1 0.565625 0.47265625 0.07421875 0.22578125
1 0.26015625 0.47265625 0.0671875 0.0625
1 0.0484375 0.78125 0.096875 0.428125
1 0.46640625 0.44921875 0.05078125 0.1734375