1 0.77734375 0.61484375 0.18828125 0.54765625
1 0.3625 0.5734375 0.20546875 0.53515625
1 0.63125 0.6546875 0.22578125 0.68359375
1 0.3765625 0.3296875 0.15703125 0.35078125
1 0.54765625 0.51953125 0.13203125 0.690625
1 0.15859375 0.62265625 0.20703125 0.47734375
1 0.5875 0.10703125 0.06015625 0.1703125
1 0.23984375 0.35078125 0.1140625 0.30625
1 0.51484375 0.2078125 0.06328125 0.25
1 0.675 0.31796875 0.12109375 0.31953125
1 0.6265625 0.209375 0.07109375 0.203125
1 0.45625 0.1625 0.05859375 0.31953125
1 0.0828125 0.92578125 0.165625 0.1453125
1 0.3109375 0.11171875 0.07421875 0.12578125
1 0.2859375 0.228125 0.08125 0.19453125
1 0.3296875 0.06484375 0.05859375 0.1296875
1 0.55625 0.06015625 0.03359375 0.11875
1 0.465625 0.4984375 0.82421875 0.98984375