1 0.4359375 0.37890625 0.03671875 0.05390625
1 0.41015625 0.43515625 0.04609375 0.09609375
1 0.34453125 0.37734375 0.0390625 0.06171875
1 0.33046875 0.43671875 0.0671875 0.09296875
1 0.27265625 0.4765625 0.0703125 0.10234375
1 0.209375 0.575 0.07578125 0.14453125
1 0.0484375 0.72109375 0.096875 0.34921875
1 0.57734375 0.38828125 0.0453125 0.05390625
1 0.609375 0.44375 0.08984375 0.10234375
1 0.70234375 0.3640625 0.0484375 0.096875
1 0.75546875 0.38046875 0.07265625 0.11328125
1 0.696875 0.5078125 0.1296875 0.16171875
1 0.86171875 0.4828125 0.1171875 0.15390625