1 0.346875 0.34375 0.10234375 0.23203125
1 0.61484375 0.3890625 0.10234375 0.19765625
1 0.80703125 0.4390625 0.09609375 0.2109375
1 0.29375 0.8953125 0.1578125 0.209375
1 0.028125 0.78984375 0.0515625 0.3421875
1 0.13125 0.446875 0.11953125 0.2078125
1 0.21796875 0.24375 0.08671875 0.175
1 0.296875 0.14765625 0.046875 0.11484375
1 0.3765625 0.1921875 0.07890625 0.1171875
1 0.5515625 0.10859375 0.05390625 0.11953125
1 0.56484375 0.22578125 0.06953125 0.1421875
1 0.70546875 0.1875 0.08046875 0.134375
1 0.6609375 0.125 0.0484375 0.11171875
1 0.615625 0.06015625 0.04921875 0.09140625
1 0.31328125 0.05078125 0.05390625 0.0828125
1 0.47421875 0.02421875 0.034375 0.04765625
1 0.57890625 0.0359375 0.0328125 0.0578125