1 0.20625 0.51953125 0.18515625 0.38359375
1 0.3890625 0.56875 0.18359375 0.53984375
1 0.1 0.8703125 0.19921875 0.25625
1 0.41875 0.31484375 0.14453125 0.36328125
1 0.6578125 0.6625 0.2296875 0.66796875
1 0.81875 0.62578125 0.19453125 0.49921875
1 0.36015625 0.8640625 0.23515625 0.2671875
1 0.58828125 0.44609375 0.14453125 0.590625
1 0.2796875 0.31640625 0.11015625 0.30234375
1 0.628125 0.09453125 0.06328125 0.153125
1 0.67109375 0.20234375 0.071875 0.19375
1 0.3609375 0.10859375 0.06796875 0.175
1 0.56171875 0.19921875 0.0734375 0.23984375
1 0.33515625 0.203125 0.07578125 0.17109375
1 0.7140625 0.2609375 0.11171875 0.2078125
1 0.4953125 0.19375 0.06015625 0.3859375
1 0.571875 0.05234375 0.06171875 0.1046875
1 0.38046875 0.03671875 0.04921875 0.0734375