1 0.41640625 0.2921875 0.03828125 0.05859375
1 0.61484375 0.29140625 0.05 0.04765625
1 0.36015625 0.38828125 0.04921875 0.071875
1 0.4578125 0.37890625 0.0328125 0.04765625
1 0.42890625 0.384375 0.0296875 0.05078125
1 0.325 0.41953125 0.0375 0.05546875
1 0.409375 0.428125 0.05546875 0.11484375
1 0.2796875 0.47421875 0.09296875 0.059375
1 0.21328125 0.5703125 0.09609375 0.11875
1 0.04453125 0.68671875 0.07578125 0.259375
1 0.57734375 0.37265625 0.06953125 0.04453125
1 0.596875 0.428125 0.065625 0.1015625
1 0.696875 0.3875 0.0578125 0.03828125
1 0.76875 0.39375 0.065625 0.0875
1 0.665625 0.49375 0.10078125 0.1359375
1 0.86484375 0.46796875 0.09921875 0.11171875