1 0.68828125 0.6671875 0.22265625 0.6609375
1 0.12421875 0.784375 0.2484375 0.42734375
1 0.853125 0.69921875 0.19765625 0.59375
1 0.41875 0.5234375 0.175 0.5046875
1 0.61796875 0.534375 0.153125 0.6859375
1 0.24375 0.56953125 0.16796875 0.434375
1 0.77109375 0.35703125 0.14140625 0.35234375
1 0.725 0.23046875 0.07734375 0.22265625
1 0.33046875 0.3171875 0.10390625 0.2921875
1 0.6890625 0.12890625 0.06328125 0.16796875
1 0.41171875 0.090625 0.06953125 0.1265625
1 0.6140625 0.225 0.08828125 0.24921875
1 0.46640625 0.36640625 0.121875 0.44921875
1 0.5484375 0.22265625 0.0609375 0.42734375
1 0.4359375 0.05859375 0.04921875 0.11640625
1 0.62734375 0.37421875 0.13359375 0.36640625
1 0.38828125 0.16015625 0.04765625 0.09765625
1 0.66328125 0.0765625 0.0421875 0.11328125