1 0.39609375 0.16796875 0.03671875 0.0703125
1 0.37109375 0.24296875 0.04765625 0.08125
1 0.315625 0.3234375 0.04140625 0.1234375
1 0.4546875 0.3234375 0.0453125 0.1140625
1 0.43125 0.46796875 0.04765625 0.16015625
1 0.2265625 0.52265625 0.09296875 0.18046875
1 0.07890625 0.8078125 0.146875 0.33515625
1 0.89296875 0.55234375 0.071875 0.16640625
1 0.71484375 0.51484375 0.0671875 0.16953125
1 0.79140625 0.328125 0.0671875 0.140625
1 0.64375 0.35546875 0.04765625 0.11484375
1 0.72109375 0.228125 0.0359375 0.06640625
1 0.61640625 0.23515625 0.02578125 0.0578125
1 0.6859375 0.16875 0.02890625 0.05703125
1 0.65078125 0.1359375 0.03515625 0.071875
1 0.546875 0.12578125 0.03359375 0.06640625
1 0.41484375 0.10703125 0.0359375 0.040625