1 0.153125 0.7640625 0.25859375 0.4671875
1 0.8921875 0.640625 0.20078125 0.64921875
1 0.45 0.55 0.1734375 0.65234375
1 0.721875 0.63359375 0.23046875 0.728125
1 0.6453125 0.46953125 0.14765625 0.69296875
1 0.49140625 0.275 0.1296875 0.36953125
1 0.3515625 0.28671875 0.10390625 0.27578125
1 0.746875 0.16171875 0.08203125 0.23125
1 0.71171875 0.07421875 0.0734375 0.1484375
1 0.41796875 0.9078125 0.22421875 0.18046875
1 0.28046875 0.509375 0.1625 0.38984375
1 0.6390625 0.15546875 0.09296875 0.26484375
1 0.40546875 0.16015625 0.05703125 0.18046875
1 0.42890625 0.0796875 0.06484375 0.159375
1 0.82578125 0.2375 0.096875 0.26953125
1 0.503125 0.50078125 0.97890625 0.99140625