1 0.0484375 0.7796875 0.096875 0.434375
1 0.44375 0.60859375 0.12265625 0.46328125
1 0.61875 0.71171875 0.13515625 0.565625
1 0.56953125 0.6234375 0.096875 0.465625
1 0.83828125 0.4640625 0.090625 0.10234375
1 0.57421875 0.48984375 0.08671875 0.20234375
1 0.3203125 0.42109375 0.04140625 0.04765625
1 0.2140625 0.57421875 0.10234375 0.11484375
1 0.75 0.390625 0.0578125 0.0828125
1 0.46953125 0.44609375 0.05078125 0.175
1 0.70546875 0.3875 0.03671875 0.025
1 0.62578125 0.36953125 0.02265625 0.07890625
1 0.734375 0.44296875 0.08984375 0.1875
1 0.2203125 0.6296875 0.115625 0.225
1 0.8234375 0.53828125 0.12109375 0.25078125
1 0.58515625 0.38203125 0.03984375 0.0421875
1 0.0890625 0.35703125 0.02109375 0.05234375
1 0.36484375 0.40390625 0.046875 0.09296875