1 0.4390625 0.6125 0.12265625 0.459375
1 0.7484375 0.38984375 0.05703125 0.084375
1 0.83828125 0.46171875 0.0875 0.10234375
1 0.62265625 0.70859375 0.1421875 0.56953125
1 0.4703125 0.446875 0.05078125 0.17734375
1 0.6984375 0.38671875 0.0328125 0.0265625
1 0.87578125 0.54296875 0.20859375 0.26484375
1 0.03203125 0.69765625 0.0640625 0.2578125
1 0.65 0.490625 0.08515625 0.134375
1 0.04765625 0.7828125 0.0953125 0.428125
1 0.8234375 0.53671875 0.11953125 0.2515625
1 0.446875 0.46328125 0.08203125 0.209375
1 0.3578125 0.3953125 0.04375 0.075
1 0.57890625 0.61640625 0.11640625 0.47578125