1 0.978125 0.5484375 0.04375 0.1375
1 0.83984375 0.4671875 0.0703125 0.115625
1 0.75390625 0.38984375 0.0578125 0.11015625
1 0.7 0.39609375 0.03046875 0.05390625
1 0.6421875 0.51328125 0.0765625 0.13671875
1 0.609375 0.45390625 0.059375 0.06953125
1 0.56953125 0.39765625 0.05390625 0.07109375
1 0.42890625 0.39765625 0.04921875 0.0578125
1 0.3984375 0.42890625 0.0703125 0.07734375
1 0.35 0.384375 0.0390625 0.0390625
1 0.30859375 0.41875 0.0390625 0.04453125
1 0.24453125 0.4875 0.0703125 0.0640625
1 0.20234375 0.584375 0.11171875 0.10234375
1 0.04609375 0.79453125 0.0921875 0.37265625