1 0.66484375 0.65703125 0.225 0.678125
1 0.11328125 0.7921875 0.2265625 0.41171875
1 0.421875 0.33359375 0.13203125 0.39921875
1 0.20546875 0.59453125 0.19296875 0.3953125
1 0.8234375 0.6390625 0.2 0.57265625
1 0.675 0.2078125 0.06796875 0.2234375
1 0.5828125 0.51484375 0.1453125 0.69140625
1 0.73515625 0.28203125 0.125 0.27734375
1 0.2953125 0.32890625 0.10859375 0.303125
1 0.6390625 0.1125 0.0609375 0.17578125
1 0.5765625 0.20625 0.0828125 0.25
1 0.34765625 0.2046875 0.05625 0.18046875
1 0.36953125 0.0890625 0.06328125 0.14921875
1 0.39375 0.621875 0.18359375 0.628125
1 0.50390625 0.1546875 0.05703125 0.30859375
1 0.6125 0.0515625 0.0390625 0.103125
1 0.3875 0.0578125 0.053125 0.11484375