1 0.05 0.69296875 0.096875 0.26796875
1 0.21796875 0.57265625 0.09453125 0.13203125
1 0.278125 0.478125 0.07890625 0.1
1 0.325 0.4203125 0.05390625 0.05859375
1 0.35625 0.38984375 0.0328125 0.07109375
1 0.43125 0.36640625 0.0375 0.05078125
1 0.42890625 0.43828125 0.06328125 0.1125
1 0.46484375 0.38046875 0.03671875 0.075
1 0.415625 0.2828125 0.040625 0.0546875
1 0.61171875 0.2921875 0.0515625 0.03984375
1 0.5890625 0.3734375 0.0515625 0.03671875
1 0.5828125 0.43515625 0.071875 0.0734375
1 0.70234375 0.3703125 0.05546875 0.06171875
1 0.66171875 0.47578125 0.0859375 0.15078125
1 0.75234375 0.40546875 0.0546875 0.09765625
1 0.8328125 0.4703125 0.090625 0.1125