1 0.6265625 0.709375 0.15703125 0.56875
1 0.0484375 0.78828125 0.09609375 0.41796875
1 0.2125 0.571875 0.09921875 0.121875
1 0.8390625 0.7921875 0.3203125 0.4109375
1 0.421875 0.6046875 0.15078125 0.446875
1 0.2984375 0.50703125 0.09453125 0.16015625
1 0.85 0.46015625 0.09296875 0.09765625
1 0.74296875 0.38984375 0.05546875 0.08203125
1 0.734375 0.41953125 0.07265625 0.140625
1 0.21484375 0.62578125 0.10703125 0.228125
1 0.47109375 0.446875 0.05078125 0.16875
1 0.57734375 0.6046875 0.10859375 0.49296875
1 0.4484375 0.465625 0.08359375 0.21328125
1 0.88203125 0.5375 0.2109375 0.2515625