1 0.0484375 0.7796875 0.09609375 0.4359375
1 0.7296875 0.39921875 0.06328125 0.08359375
1 0.440625 0.60625 0.11796875 0.453125
1 0.640625 0.59375 0.15234375 0.3546875
1 0.54609375 0.61796875 0.10859375 0.46015625
1 0.67578125 0.4828125 0.08359375 0.13125
1 0.81875 0.54375 0.10859375 0.24921875
1 0.2140625 0.57890625 0.09609375 0.128125
1 0.28828125 0.51171875 0.1125 0.16640625
1 0.475 0.44609375 0.05703125 0.1765625
1 0.83828125 0.7953125 0.32265625 0.403125
1 0.31875 0.4203125 0.04140625 0.046875
1 0.6 0.3875 0.04140625 0.05546875
1 0.36015625 0.42109375 0.05234375 0.11875
1 0.87421875 0.54765625 0.21796875 0.25625
1 0.3515625 0.38671875 0.034375 0.05
1 0.68046875 0.39375 0.04140625 0.040625
1 0.83125 0.46953125 0.0828125 0.1