1 0.4390625 0.60546875 0.12265625 0.49296875
1 0.60703125 0.7109375 0.16484375 0.565625
1 0.21953125 0.58828125 0.09453125 0.134375
1 0.82734375 0.54140625 0.12421875 0.24453125
1 0.84765625 0.4640625 0.08203125 0.0890625
1 0.0453125 0.7 0.090625 0.278125
1 0.75625 0.390625 0.0640625 0.07890625
1 0.64609375 0.5 0.08671875 0.14140625
1 0.3484375 0.3890625 0.03828125 0.04765625
1 0.475 0.303125 0.0140625 0.0671875
1 0.32421875 0.4234375 0.03984375 0.04296875
1 0.26328125 0.47265625 0.06640625 0.059375