1 0.4640625 0.403125 0.040625 0.0734375
1 0.434375 0.396875 0.06171875 0.09609375
1 0.3984375 0.42578125 0.0953125 0.11015625
1 0.3578125 0.3890625 0.05 0.0671875
1 0.309375 0.42578125 0.0515625 0.07890625
1 0.2765625 0.47578125 0.065625 0.075
1 0.228125 0.57578125 0.0859375 0.10390625
1 0.03828125 0.70234375 0.0765625 0.215625
1 0.578125 0.3921875 0.05546875 0.03828125
1 0.5984375 0.42734375 0.059375 0.0640625
1 0.69453125 0.39765625 0.03515625 0.065625
1 0.6484375 0.5078125 0.08984375 0.15625
1 0.75234375 0.403125 0.071875 0.11328125
1 0.8578125 0.4734375 0.084375 0.1328125