1 0.353125 0.39453125 0.053125 0.0515625
1 0.4125 0.40859375 0.02265625 0.05
1 0.40390625 0.4453125 0.0796875 0.11328125
1 0.3265625 0.44140625 0.05625 0.05234375
1 0.26953125 0.478125 0.06875 0.09453125
1 0.21015625 0.58515625 0.07265625 0.13515625
1 0.02890625 0.7015625 0.0578125 0.303125
1 0.58359375 0.40859375 0.0375 0.07890625
1 0.62578125 0.46796875 0.08515625 0.1375
1 0.69453125 0.3703125 0.0265625 0.09453125
1 0.74765625 0.396875 0.04609375 0.10859375
1 0.665625 0.51953125 0.10859375 0.175
1 0.85859375 0.5125 0.12265625 0.15625