1 0.22109375 0.48125 0.0671875 0.15703125
1 0.39375 0.434375 0.06484375 0.0921875
1 0.30859375 0.296875 0.0609375 0.11484375
1 0.43515625 0.275 0.06640625 0.11953125
1 0.36171875 0.20859375 0.0484375 0.08515625
1 0.39453125 0.1265625 0.04140625 0.08359375
1 0.41171875 0.059375 0.034375 0.06640625
1 0.5234375 0.0703125 0.0390625 0.0625
1 0.6171875 0.053125 0.053125 0.07890625
1 0.6125 0.171875 0.0515625 0.05625
1 0.7171875 0.203125 0.03359375 0.08984375
1 0.68046875 0.109375 0.03125 0.0859375
1 0.78046875 0.2578125 0.04453125 0.09921875
1 0.86796875 0.49296875 0.07734375 0.184375
1 0.6953125 0.44140625 0.059375 0.1609375
1 0.621875 0.31328125 0.0515625 0.12265625
1 0.05234375 0.85625 0.10390625 0.278125