1 0.359375 0.3921875 0.0359375 0.06640625
1 0.32265625 0.4328125 0.04140625 0.05546875
1 0.2734375 0.475 0.0875 0.0671875
1 0.225 0.57734375 0.10859375 0.1171875
1 0.046875 0.70546875 0.08359375 0.2796875
1 0.40625 0.440625 0.065625 0.11640625
1 0.43359375 0.38515625 0.0390625 0.05234375
1 0.46875 0.3875 0.028125 0.0703125
1 0.41640625 0.29140625 0.025 0.04765625
1 0.61171875 0.29765625 0.04140625 0.06015625
1 0.58671875 0.37890625 0.06640625 0.053125
1 0.603125 0.42734375 0.06484375 0.06328125
1 0.69296875 0.3953125 0.06328125 0.0359375
1 0.76640625 0.40234375 0.059375 0.0859375
1 0.678125 0.4828125 0.09296875 0.15546875
1 0.84375 0.44296875 0.10703125 0.12109375