1 0.62734375 0.65546875 0.225 0.6828125
1 0.77890625 0.64765625 0.19140625 0.6140625
1 0.35 0.5734375 0.18671875 0.56171875
1 0.54375 0.521875 0.1234375 0.69765625
1 0.090625 0.85625 0.18046875 0.284375
1 0.6265625 0.2078125 0.07109375 0.2203125
1 0.584375 0.11015625 0.0546875 0.15546875
1 0.68203125 0.30625 0.11953125 0.3109375
1 0.24296875 0.353125 0.10234375 0.3
1 0.45546875 0.215625 0.06171875 0.41015625
1 0.38828125 0.378125 0.13046875 0.4515625
1 0.29375 0.21953125 0.06171875 0.165625
1 0.15390625 0.64921875 0.20859375 0.4125
1 0.5203125 0.21484375 0.065625 0.2515625
1 0.315625 0.1078125 0.0671875 0.12578125
1 0.3296875 0.06875 0.05234375 0.125
1 0.55859375 0.065625 0.03359375 0.11796875
1 0.46328125 0.49921875 0.82890625 0.98828125