1 0.69296875 0.6609375 0.23515625 0.67265625
1 0.1203125 0.8421875 0.240625 0.3125
1 0.865625 0.684375 0.22421875 0.62578125
1 0.41640625 0.54296875 0.17578125 0.503125
1 0.246875 0.56171875 0.1671875 0.44609375
1 0.4375 0.33828125 0.17109375 0.36796875
1 0.60859375 0.5375 0.13828125 0.6875
1 0.37109375 0.89453125 0.196875 0.2078125
1 0.665625 0.11640625 0.06171875 0.16796875
1 0.70703125 0.221875 0.07578125 0.21328125
1 0.3953125 0.11796875 0.065625 0.1734375
1 0.31875 0.34765625 0.1 0.27734375
1 0.5296875 0.175 0.05859375 0.3421875
1 0.75078125 0.33203125 0.12109375 0.3453125
1 0.596875 0.209375 0.08125 0.23984375
1 0.36171875 0.2125 0.08046875 0.18203125
1 0.56328125 0.49921875 0.82109375 0.99140625