1 0.47109375 0.3921875 0.034375 0.075
1 0.43203125 0.4421875 0.03671875 0.1296875
1 0.3546875 0.3890625 0.04609375 0.0671875
1 0.3234375 0.4203125 0.06015625 0.0734375
1 0.275 0.475 0.08046875 0.10078125
1 0.234375 0.59140625 0.09453125 0.15625
1 0.0578125 0.68046875 0.0421875 0.23203125
1 0.58671875 0.3828125 0.04375 0.04609375
1 0.609375 0.428125 0.053125 0.06796875
1 0.69921875 0.3828125 0.07265625 0.04296875
1 0.7421875 0.38671875 0.0703125 0.1140625
1 0.66171875 0.49765625 0.09921875 0.12890625
1 0.8421875 0.4828125 0.121875 0.18359375