1 0.65390625 0.66328125 0.225 0.6671875
1 0.80859375 0.67578125 0.18359375 0.58828125
1 0.3796875 0.571875 0.1796875 0.53203125
1 0.2046875 0.5890625 0.16328125 0.49140625
1 0.575 0.5359375 0.14296875 0.6859375
1 0.0984375 0.803125 0.196875 0.3875
1 0.4203125 0.33828125 0.1359375 0.36953125
1 0.66484375 0.22265625 0.08203125 0.21015625
1 0.7140625 0.32890625 0.12421875 0.3171875
1 0.55390625 0.22265625 0.06953125 0.24375
1 0.2765625 0.35078125 0.09765625 0.29375
1 0.35546875 0.13203125 0.0671875 0.19140625
1 0.4921875 0.178125 0.05859375 0.33203125
1 0.6359375 0.0890625 0.03671875 0.08828125
1 0.37578125 0.91875 0.15078125 0.1578125
1 0.33203125 0.221875 0.05859375 0.178125
1 0.63046875 0.128125 0.05390625 0.165625
1 0.50859375 0.503125 0.78984375 0.984375
1 0.59296875 0.07734375 0.02890625 0.11640625