1 0.21640625 0.5828125 0.09921875 0.12890625
1 0.425 0.6109375 0.15859375 0.47265625
1 0.8421875 0.46171875 0.08828125 0.0984375
1 0.61015625 0.71015625 0.16796875 0.5625
1 0.04921875 0.78515625 0.0984375 0.4234375
1 0.7640625 0.39140625 0.0625 0.07734375
1 0.825 0.5375 0.12109375 0.2515625
1 0.6875 0.38828125 0.0453125 0.03203125
1 0.3578125 0.42109375 0.04765625 0.125
1 0.83828125 0.79375 0.32109375 0.40703125
1 0.4484375 0.46015625 0.07734375 0.19921875
1 0.6515625 0.49140625 0.08515625 0.12421875
1 0.56484375 0.47734375 0.0703125 0.23125
1 0.7453125 0.44609375 0.10546875 0.1859375
1 0.3203125 0.421875 0.034375 0.04609375
1 0.6328125 0.6046875 0.1234375 0.35
1 0.35234375 0.38671875 0.0359375 0.05625
1 0.2671875 0.471875 0.065625 0.0625