1 0.42109375 0.3 0.05 0.04609375
1 0.6140625 0.29375 0.0484375 0.04296875
1 0.36171875 0.38984375 0.04453125 0.06171875
1 0.42578125 0.38828125 0.03671875 0.06796875
1 0.403125 0.4203125 0.059375 0.0953125
1 0.3234375 0.43359375 0.040625 0.05703125
1 0.27265625 0.47578125 0.0625 0.08046875
1 0.2203125 0.57421875 0.1 0.13515625
1 0.0359375 0.69921875 0.071875 0.2421875
1 0.58359375 0.3796875 0.04453125 0.078125
1 0.60078125 0.4234375 0.0453125 0.06875
1 0.7 0.38046875 0.0328125 0.04296875
1 0.65390625 0.48828125 0.096875 0.134375
1 0.75 0.40078125 0.06484375 0.125
1 0.8375 0.4703125 0.08359375 0.134375