1 0.6296875 0.709375 0.17421875 0.57265625
1 0.04921875 0.778125 0.09765625 0.43828125
1 0.42734375 0.60625 0.16015625 0.47265625
1 0.47421875 0.44453125 0.04765625 0.16875
1 0.74765625 0.39140625 0.05625 0.08125
1 0.8328125 0.53984375 0.134375 0.2515625
1 0.2171875 0.58125 0.1015625 0.128125
1 0.853125 0.4625 0.0921875 0.096875
1 0.5828125 0.484375 0.1015625 0.20390625
1 0.4484375 0.4546875 0.07890625 0.19140625
1 0.690625 0.3859375 0.04140625 0.0328125
1 0.3484375 0.38671875 0.0390625 0.053125
1 0.57890625 0.61328125 0.1109375 0.46484375
1 0.3171875 0.421875 0.04296875 0.04375
1 0.3546875 0.42109375 0.05234375 0.121875