1 0.03828125 0.859375 0.0765625 0.18046875
1 0.13046875 0.47109375 0.08828125 0.16171875
1 0.3140625 0.41640625 0.08828125 0.15546875
1 0.6 0.40078125 0.06875 0.1484375
1 0.7921875 0.4359375 0.096875 0.17265625
1 0.20625 0.25703125 0.08203125 0.12265625
1 0.3375 0.2296875 0.07421875 0.12734375
1 0.53515625 0.22734375 0.04140625 0.08671875
1 0.6859375 0.190625 0.059375 0.11328125
1 0.275 0.14921875 0.04296875 0.10390625
1 0.5140625 0.1109375 0.04296875 0.065625
1 0.625 0.125 0.04609375 0.07890625
1 0.58671875 0.05 0.04609375 0.07109375
1 0.4421875 0.0375 0.04375 0.05546875
1 0.27265625 0.06171875 0.04765625 0.08671875