1 0.5125 0.03359375 0.03984375 0.0671875
1 0.37734375 0.021875 0.04375 0.03828125
1 0.34765625 0.0625 0.04296875 0.06953125
1 0.33984375 0.15546875 0.040625 0.090625
1 0.396875 0.20546875 0.04453125 0.12734375
1 0.275 0.23203125 0.0453125 0.090625
1 0.3625 0.396875 0.084375 0.16171875
1 0.17265625 0.459375 0.078125 0.1546875
1 0.0671875 0.8109375 0.13359375 0.23515625
1 0.60390625 0.03515625 0.02734375 0.05546875
1 0.65390625 0.0546875 0.04140625 0.071875
1 0.57890625 0.12578125 0.05 0.07578125
1 0.69375 0.1421875 0.03828125 0.06796875
1 0.6078125 0.228125 0.05859375 0.0984375
1 0.77734375 0.20625 0.09140625 0.15234375
1 0.6875 0.42109375 0.0625 0.11171875
1 0.8203125 0.43828125 0.0703125 0.16640625