1 0.35390625 0.39453125 0.04453125 0.06171875
1 0.4171875 0.38828125 0.0515625 0.05234375
1 0.4 0.4296875 0.04765625 0.08046875
1 0.26484375 0.46953125 0.06328125 0.05390625
1 0.21328125 0.57734375 0.09765625 0.10625
1 0.05078125 0.71015625 0.10078125 0.22421875
1 0.56015625 0.3953125 0.03125 0.0421875
1 0.603125 0.421875 0.0578125 0.0640625
1 0.646875 0.50703125 0.08515625 0.15234375
1 0.68515625 0.390625 0.03515625 0.025
1 0.7359375 0.3953125 0.05234375 0.0734375
1 0.84609375 0.47890625 0.0796875 0.10234375