1 0.4328125 0.403125 0.0421875 0.065625
1 0.41640625 0.4515625 0.0703125 0.11796875
1 0.36171875 0.38984375 0.03515625 0.06796875
1 0.340625 0.43359375 0.03984375 0.06015625
1 0.26953125 0.478125 0.0578125 0.07890625
1 0.23203125 0.58359375 0.0703125 0.12734375
1 0.07109375 0.74921875 0.1421875 0.2640625
1 0.57890625 0.3875 0.0296875 0.04453125
1 0.5890625 0.4421875 0.0390625 0.06015625
1 0.6859375 0.39140625 0.03828125 0.04453125
1 0.74609375 0.371875 0.03828125 0.0828125
1 0.64140625 0.50859375 0.06328125 0.09296875
1 0.8484375 0.475 0.11796875 0.10859375