1 0.61953125 0.296875 0.03828125 0.046875
1 0.41328125 0.29375 0.0296875 0.03828125
1 0.359375 0.38828125 0.03515625 0.0578125
1 0.32421875 0.4265625 0.0375 0.05234375
1 0.26796875 0.4734375 0.05859375 0.0734375
1 0.1921875 0.5625 0.10234375 0.09921875
1 0.0453125 0.6984375 0.0796875 0.275
1 0.40625 0.41484375 0.0578125 0.10078125
1 0.428125 0.38046875 0.03671875 0.0703125
1 0.58203125 0.3921875 0.046875 0.06015625
1 0.59609375 0.42265625 0.05546875 0.06328125
1 0.65234375 0.4921875 0.090625 0.13125
1 0.68984375 0.39296875 0.05859375 0.046875
1 0.75703125 0.3875 0.06796875 0.09453125
1 0.834375 0.45625 0.0875 0.12109375