1 0.91015625 0.415625 0.03984375 0.14609375
1 0.26171875 0.39765625 0.0234375 0.09765625
1 0.60703125 0.7125 0.16875 0.5609375
1 0.8859375 0.409375 0.03203125 0.121875
1 0.84140625 0.46171875 0.08515625 0.10078125
1 0.43515625 0.6109375 0.13046875 0.47265625
1 0.74609375 0.390625 0.05546875 0.0828125
1 0.3546875 0.415625 0.04140625 0.11796875
1 0.22734375 0.43671875 0.0375 0.146875
1 0.2171875 0.4359375 0.01640625 0.14609375
1 0.3203125 0.42265625 0.03359375 0.04375
1 0.32890625 0.3703125 0.02265625 0.0671875