1 0.0484375 0.78984375 0.09609375 0.415625
1 0.828125 0.465625 0.08671875 0.1046875
1 0.59765625 0.7125 0.15 0.55625
1 0.42421875 0.60703125 0.1578125 0.46953125
1 0.74140625 0.38984375 0.05390625 0.08671875
1 0.6875 0.38984375 0.05 0.03515625
1 0.44765625 0.45859375 0.07578125 0.196875
1 0.81640625 0.5375 0.11171875 0.2484375
1 0.8390625 0.79375 0.31953125 0.40703125
1 0.2203125 0.59296875 0.09296875 0.13125
1 0.62265625 0.509375 0.09296875 0.15
1 0.35234375 0.3875 0.0375 0.0625
1 0.31796875 0.42265625 0.03359375 0.04609375
1 0.35703125 0.4203125 0.05 0.128125
1 0.5734375 0.475 0.08671875 0.22734375