1 0.278125 0.22578125 0.05859375 0.1390625
1 0.190625 0.475 0.09765625 0.1765625
1 0.05703125 0.7421875 0.1140625 0.31484375
1 0.3765625 0.9109375 0.13984375 0.178125
1 0.371875 0.359375 0.07265625 0.13671875
1 0.66796875 0.40625 0.07109375 0.16015625
1 0.82890625 0.41875 0.0765625 0.17578125
1 0.74453125 0.21796875 0.0578125 0.13671875
1 0.5953125 0.234375 0.05234375 0.096875
1 0.34375 0.0625 0.0390625 0.05859375
1 0.5640625 0.12734375 0.0515625 0.08203125
1 0.6859375 0.13671875 0.040625 0.09921875
1 0.6453125 0.0515625 0.04296875 0.07265625
1 0.49375 0.02421875 0.0390625 0.04765625
1 0.60078125 0.0328125 0.0359375 0.065625