1 0.6734375 0.659375 0.2296875 0.6765625
1 0.83203125 0.67578125 0.18984375 0.634375
1 0.39921875 0.55625 0.17578125 0.5375
1 0.1109375 0.8578125 0.221875 0.278125
1 0.59609375 0.5265625 0.13984375 0.6859375
1 0.68203125 0.2125 0.07421875 0.21953125
1 0.2296875 0.50390625 0.1734375 0.2828125
1 0.578125 0.2140625 0.08359375 0.25703125
1 0.73515625 0.33203125 0.13359375 0.32890625
1 0.42109375 0.32890625 0.1640625 0.35546875
1 0.2953125 0.33046875 0.10546875 0.29296875
1 0.64609375 0.11796875 0.0625 0.1625
1 0.37578125 0.94453125 0.146875 0.1078125
1 0.51015625 0.17890625 0.05703125 0.34765625
1 0.37421875 0.1046875 0.06484375 0.1515625
1 0.34765625 0.2140625 0.0671875 0.1828125
1 0.615625 0.04765625 0.03359375 0.08359375
1 0.5328125 0.50078125 0.7875 0.98984375