1 0.05390625 0.784375 0.1078125 0.32265625
1 0.18203125 0.484375 0.1015625 0.14609375
1 0.3828125 0.40859375 0.0859375 0.15078125
1 0.26328125 0.278125 0.0625 0.1328125
1 0.4140625 0.23359375 0.05 0.11171875
1 0.64453125 0.43203125 0.075 0.17421875
1 0.83984375 0.48046875 0.0734375 0.1328125
1 0.74140625 0.2375 0.04765625 0.1109375
1 0.5890625 0.27109375 0.05625 0.09140625
1 0.56875 0.14375 0.0328125 0.06640625
1 0.65078125 0.10234375 0.03359375 0.065625
1 0.6171875 0.05234375 0.028125 0.06640625
1 0.3421875 0.1953125 0.0546875 0.0859375
1 0.35390625 0.08984375 0.03359375 0.08671875
1 0.3765625 0.0296875 0.046875 0.05859375
1 0.5125 0.05 0.0453125 0.08125