1 0.3546875 0.384375 0.0390625 0.04453125
1 0.321875 0.4328125 0.0453125 0.05390625
1 0.27421875 0.4703125 0.06171875 0.065625
1 0.21171875 0.57265625 0.0546875 0.115625
1 0.0390625 0.73046875 0.07734375 0.25859375
1 0.4234375 0.44375 0.0484375 0.0890625
1 0.43046875 0.37109375 0.0296875 0.04296875
1 0.47578125 0.3921875 0.0359375 0.05390625
1 0.5734375 0.4265625 0.0515625 0.07890625
1 0.67578125 0.39296875 0.03828125 0.05
1 0.7203125 0.390625 0.046875 0.075
1 0.68671875 0.49453125 0.08203125 0.09609375
1 0.8328125 0.475 0.06171875 0.08515625