1 0.1625 0.3984375 0.1015625 0.14453125
1 0.36328125 0.353125 0.078125 0.14296875
1 0.0375 0.70234375 0.075 0.315625
1 0.6484375 0.384375 0.090625 0.16875
1 0.840625 0.44921875 0.1 0.20703125
1 0.740625 0.19765625 0.0546875 0.13046875
1 0.67265625 0.12890625 0.04140625 0.103125
1 0.58671875 0.2140625 0.0421875 0.096875
1 0.56328125 0.0921875 0.0328125 0.08515625
1 0.64296875 0.04140625 0.0359375 0.0671875
1 0.33515625 0.02890625 0.0484375 0.0578125
1 0.48984375 0.01796875 0.03984375 0.0359375
1 0.5984375 0.01953125 0.03203125 0.0390625
1 0.32421875 0.125 0.040625 0.09453125
1 0.3890625 0.1953125 0.06171875 0.140625
1 0.26015625 0.2015625 0.05546875 0.15234375
1 0.32421875 0.875 0.13359375 0.25