1 0.67734375 0.659375 0.22421875 0.67578125
1 0.12109375 0.7765625 0.2421875 0.440625
1 0.23125 0.55859375 0.18359375 0.39140625
1 0.759375 0.321875 0.13671875 0.32265625
1 0.41015625 0.534375 0.17734375 0.52265625
1 0.840625 0.68984375 0.19921875 0.609375
1 0.69765625 0.21015625 0.09140625 0.2171875
1 0.60859375 0.5125 0.15546875 0.690625
1 0.45859375 0.32109375 0.12109375 0.409375
1 0.60859375 0.2 0.08984375 0.2515625
1 0.3203125 0.30234375 0.103125 0.29375
1 0.6765625 0.1125 0.059375 0.1671875
1 0.38671875 0.096875 0.096875 0.190625
1 0.37734375 0.18125 0.053125 0.178125
1 0.5375 0.2078125 0.059375 0.415625
1 0.425 0.0515625 0.0484375 0.103125
1 0.65078125 0.059375 0.0375 0.11875