1 0.465625 0.3875 0.02890625 0.065625
1 0.41640625 0.384375 0.04375 0.06328125
1 0.4109375 0.43125 0.05390625 0.08515625
1 0.359375 0.40234375 0.0453125 0.075
1 0.31875 0.409375 0.028125 0.04296875
1 0.26640625 0.48515625 0.053125 0.0640625
1 0.22109375 0.578125 0.0671875 0.1328125
1 0.059375 0.7 0.11875 0.34140625
1 0.5828125 0.371875 0.05234375 0.034375
1 0.609375 0.43828125 0.078125 0.1078125
1 0.6875 0.3890625 0.0484375 0.04296875
1 0.72265625 0.39921875 0.0390625 0.08125
1 0.70546875 0.5375 0.12578125 0.1828125
1 0.84921875 0.475 0.090625 0.11328125