1 0.4671875 0.3890625 0.04375 0.059375
1 0.42265625 0.39140625 0.0453125 0.06015625
1 0.4109375 0.46640625 0.065625 0.1375
1 0.359375 0.39296875 0.0421875 0.05625
1 0.33828125 0.42890625 0.028125 0.071875
1 0.23984375 0.453125 0.0890625 0.07109375
1 0.2078125 0.56875 0.0859375 0.13359375
1 0.0265625 0.65703125 0.05234375 0.20859375
1 0.58125 0.39375 0.04453125 0.05234375
1 0.6140625 0.41328125 0.04609375 0.0828125
1 0.690625 0.38046875 0.046875 0.0484375
1 0.74765625 0.3671875 0.05078125 0.08046875
1 0.8390625 0.4609375 0.08359375 0.1078125
1 0.6578125 0.50625 0.08203125 0.1140625