1 0.41171875 0.29609375 0.034375 0.053125
1 0.6109375 0.2953125 0.0375 0.0515625
1 0.35234375 0.39375 0.0453125 0.06953125
1 0.4390625 0.39921875 0.0453125 0.075
1 0.41015625 0.43046875 0.07734375 0.12109375
1 0.325 0.428125 0.059375 0.06484375
1 0.259375 0.484375 0.071875 0.1125
1 0.22578125 0.5765625 0.1265625 0.1453125
1 0.0359375 0.68828125 0.06875 0.3453125
1 0.5734375 0.39140625 0.06171875 0.07421875
1 0.68984375 0.3953125 0.04453125 0.05390625
1 0.7484375 0.39140625 0.0765625 0.1015625
1 0.61015625 0.41953125 0.0609375 0.07578125
1 0.64921875 0.50703125 0.10546875 0.125
1 0.83828125 0.478125 0.090625 0.14609375