1 0.228125 0.23515625 0.05234375 0.1109375
1 0.1265625 0.5171875 0.09140625 0.13984375
1 0.334375 0.3828125 0.06171875 0.11484375
1 0.60859375 0.41328125 0.0578125 0.103125
1 0.81328125 0.43515625 0.053125 0.12421875
1 0.3703125 0.190625 0.071875 0.1125
1 0.3 0.146875 0.05546875 0.10078125
1 0.5703125 0.2140625 0.05546875 0.096875
1 0.70078125 0.18359375 0.06328125 0.11796875
1 0.61484375 0.0359375 0.03671875 0.0671875
1 0.4609375 0.034375 0.03984375 0.06875
1 0.30625 0.04765625 0.0390625 0.0734375
1 0.56328125 0.0234375 0.0296875 0.04609375