1 0.215625 0.5796875 0.0984375 0.125
1 0.5984375 0.71875 0.1359375 0.54765625
1 0.41953125 0.60390625 0.15625 0.48125
1 0.80703125 0.49140625 0.08359375 0.15703125
1 0.7390625 0.39296875 0.059375 0.0890625
1 0.35625 0.38671875 0.03671875 0.0578125
1 0.55703125 0.46015625 0.05859375 0.19140625
1 0.31484375 0.42578125 0.03671875 0.03828125
1 0.028125 0.6953125 0.05625 0.24375
1 0.4015625 0.4265625 0.06328125 0.10859375
1 0.72890625 0.44296875 0.0796875 0.1890625
1 0.2640625 0.4703125 0.0640625 0.06640625
1 0.62109375 0.51640625 0.08984375 0.14140625
1 0.6765625 0.409375 0.04609375 0.071875
1 0.5765625 0.45703125 0.0578125 0.1359375