1 0.33671875 0.38671875 0.0734375 0.146875
1 0.13125 0.49296875 0.10390625 0.1546875
1 0.21875 0.271875 0.06875 0.10546875
1 0.36171875 0.24453125 0.059375 0.11640625
1 0.284375 0.19453125 0.0578125 0.1046875
1 0.62890625 0.40703125 0.059375 0.15546875
1 0.80390625 0.4109375 0.09296875 0.15625
1 0.69296875 0.21015625 0.06171875 0.1078125
1 0.56328125 0.25546875 0.06171875 0.10625
1 0.6375 0.14765625 0.0515625 0.10078125
1 0.53828125 0.13828125 0.04609375 0.08125
1 0.59921875 0.07578125 0.03359375 0.0703125
1 0.559375 0.04375 0.04296875 0.06796875
1 0.45546875 0.04140625 0.04296875 0.071875
1 0.29609375 0.1 0.046875 0.078125
1 0.32109375 0.03515625 0.05 0.06171875