1 0.5640625 0.38515625 0.0390625 0.059375
1 0.6 0.4546875 0.06328125 0.1140625
1 0.68359375 0.38125 0.0375 0.04296875
1 0.64453125 0.50625 0.08046875 0.11953125
1 0.75703125 0.39921875 0.06953125 0.0921875
1 0.8578125 0.5046875 0.10625 0.13515625
1 0.4828125 0.39296875 0.04765625 0.07890625
1 0.43671875 0.39453125 0.046875 0.0484375
1 0.41796875 0.4453125 0.06640625 0.11796875
1 0.35546875 0.3875 0.04765625 0.06015625
1 0.33203125 0.42109375 0.04140625 0.06328125
1 0.259375 0.4546875 0.059375 0.071875
1 0.2125 0.57734375 0.0859375 0.10234375
1 0.05546875 0.703125 0.1109375 0.24375