1 0.03515625 0.88515625 0.06484375 0.2296875
1 0.6125 0.428125 0.06875 0.203125
1 0.334375 0.44609375 0.1 0.19296875
1 0.1421875 0.52890625 0.10234375 0.1828125
1 0.2078125 0.3609375 0.09609375 0.14296875
1 0.35390625 0.26953125 0.0703125 0.134375
1 0.2796875 0.25546875 0.05703125 0.1296875
1 0.28671875 0.14453125 0.06796875 0.11328125
1 0.30546875 0.0953125 0.0484375 0.0890625
1 0.4328125 0.0953125 0.0421875 0.07890625
1 0.5390625 0.07734375 0.03046875 0.10390625
1 0.509375 0.1625 0.05546875 0.0765625
1 0.578125 0.1 0.04375 0.084375
1 0.540625 0.2703125 0.053125 0.13046875
1 0.6859375 0.2296875 0.09140625 0.1375
1 0.790625 0.44296875 0.1015625 0.17734375
1 0.61875 0.178125 0.06328125 0.115625