1 0.4203125 0.2984375 0.0328125 0.0671875
1 0.6125 0.290625 0.0375 0.0421875
1 0.36015625 0.3875 0.046875 0.0703125
1 0.31640625 0.4234375 0.04140625 0.06484375
1 0.42734375 0.3796875 0.03671875 0.06015625
1 0.4015625 0.42421875 0.05 0.1125
1 0.2640625 0.4765625 0.06875 0.08203125
1 0.21640625 0.57734375 0.096875 0.0953125
1 0.0328125 0.69609375 0.065625 0.2296875
1 0.6515625 0.50234375 0.09140625 0.146875
1 0.84375 0.453125 0.09921875 0.1046875
1 0.74375 0.384375 0.053125 0.09140625
1 0.61015625 0.41640625 0.053125 0.0765625
1 0.5765625 0.3875 0.04296875 0.0703125
1 0.7 0.384375 0.03828125 0.03671875