1 0.2359375 0.42578125 0.08828125 0.17421875
1 0.421875 0.390625 0.07265625 0.1625
1 0.32421875 0.23515625 0.04140625 0.1140625
1 0.45390625 0.23515625 0.059375 0.13828125
1 0.3875 0.1625 0.05234375 0.0921875
1 0.4 0.075 0.0296875 0.090625
1 0.08515625 0.7046875 0.1703125 0.2984375
1 0.70234375 0.440625 0.07109375 0.159375
1 0.90390625 0.51015625 0.10390625 0.2
1 0.8 0.26171875 0.06484375 0.12890625
1 0.6453125 0.2640625 0.05703125 0.1234375
1 0.7375 0.1765625 0.05078125 0.090625
1 0.70234375 0.0890625 0.040625 0.0890625
1 0.61484375 0.15234375 0.03828125 0.08671875
1 0.653125 0.05390625 0.02734375 0.0703125
1 0.55234375 0.0484375 0.02734375 0.078125
1 0.41796875 0.028125 0.046875 0.05546875