1 0.4265625 0.30078125 0.040625 0.0625
1 0.35859375 0.39140625 0.04765625 0.0921875
1 0.31875 0.41875 0.05390625 0.06640625
1 0.271875 0.46484375 0.09296875 0.1015625
1 0.21328125 0.56796875 0.1109375 0.11953125
1 0.05 0.68828125 0.09921875 0.28125
1 0.4265625 0.440625 0.059375 0.0984375
1 0.434375 0.37890625 0.05390625 0.03828125
1 0.47578125 0.3890625 0.03828125 0.06953125
1 0.6140625 0.30625 0.04140625 0.0640625
1 0.58359375 0.3796875 0.04765625 0.04609375
1 0.59765625 0.42578125 0.05390625 0.09140625
1 0.69140625 0.38828125 0.05546875 0.0625
1 0.74296875 0.403125 0.05390625 0.096875
1 0.6640625 0.4828125 0.09609375 0.1359375
1 0.8390625 0.4671875 0.10859375 0.12421875