1 0.4609375 0.39140625 0.02265625 0.07578125
1 0.421875 0.39453125 0.03828125 0.07734375
1 0.384375 0.44375 0.08125 0.11328125
1 0.3296875 0.390625 0.059375 0.08828125
1 0.31015625 0.409375 0.03984375 0.065625
1 0.2734375 0.45859375 0.0625 0.065625
1 0.19375 0.5765625 0.06796875 0.1046875
1 0.05078125 0.68046875 0.1015625 0.2234375
1 0.57265625 0.38828125 0.05625 0.071875
1 0.609375 0.425 0.05546875 0.0640625
1 0.67890625 0.38828125 0.04765625 0.05390625
1 0.721875 0.39375 0.04609375 0.06796875
1 0.68359375 0.48046875 0.0859375 0.0921875
1 0.8421875 0.46328125 0.11015625 0.06796875