1 0.12734375 0.775 0.2546875 0.44375
1 0.8765625 0.66953125 0.24375 0.65546875
1 0.6125 0.51640625 0.15078125 0.68671875
1 0.69296875 0.6546875 0.22734375 0.684375
1 0.3296875 0.31328125 0.10703125 0.30546875
1 0.71328125 0.209375 0.07421875 0.225
1 0.46484375 0.315625 0.12890625 0.384375
1 0.53984375 0.15078125 0.06015625 0.3015625
1 0.771875 0.32109375 0.1296875 0.328125
1 0.61171875 0.20859375 0.08984375 0.259375
1 0.6796875 0.109375 0.0640625 0.16875
1 0.3765625 0.18671875 0.06484375 0.18125
1 0.4046875 0.08203125 0.0671875 0.14140625
1 0.23828125 0.56875 0.1875 0.39609375
1 0.6546875 0.05 0.0421875 0.09921875
1 0.421875 0.59765625 0.1765625 0.62890625
1 0.425 0.0546875 0.05234375 0.109375
1 0.4984375 0.49921875 0.98984375 0.99453125