1 0.41953125 0.30078125 0.05 0.071875
1 0.621875 0.296875 0.05390625 0.06484375
1 0.36171875 0.39375 0.04375 0.0734375
1 0.42109375 0.38203125 0.0375 0.05
1 0.4078125 0.42734375 0.05625 0.090625
1 0.31953125 0.421875 0.03984375 0.05625
1 0.26640625 0.47421875 0.0609375 0.0828125
1 0.2234375 0.57578125 0.08828125 0.125
1 0.03359375 0.709375 0.0640625 0.2171875
1 0.5890625 0.37890625 0.0484375 0.0625
1 0.70625 0.3890625 0.040625 0.0453125
1 0.74921875 0.38671875 0.05625 0.08671875
1 0.61015625 0.41484375 0.0515625 0.0703125
1 0.83984375 0.45859375 0.09140625 0.10625
1 0.66484375 0.49375 0.10390625 0.1453125