1 0.415625 0.37578125 0.03125 0.0421875
1 0.4046875 0.446875 0.06796875 0.13515625
1 0.34453125 0.39609375 0.0390625 0.0484375
1 0.328125 0.43359375 0.0703125 0.06328125
1 0.26015625 0.48828125 0.0953125 0.1
1 0.215625 0.6171875 0.1390625 0.09453125
1 0.05859375 0.7234375 0.1171875 0.3203125
1 0.5671875 0.39140625 0.046875 0.06015625
1 0.62109375 0.43203125 0.096875 0.07109375
1 0.703125 0.36015625 0.03515625 0.0578125
1 0.75390625 0.38515625 0.04296875 0.08828125
1 0.6625 0.51328125 0.07421875 0.1
1 0.83515625 0.46875 0.0859375 0.13359375