1 0.428125 0.2984375 0.04140625 0.0796875
1 0.6140625 0.29140625 0.06015625 0.07421875
1 0.353125 0.38203125 0.03984375 0.05
1 0.315625 0.4234375 0.04609375 0.05546875
1 0.26875 0.4671875 0.08125 0.0734375
1 0.22578125 0.58046875 0.10625 0.10703125
1 0.04375 0.6890625 0.0828125 0.2734375
1 0.4015625 0.43515625 0.0609375 0.11875
1 0.4625 0.4 0.0453125 0.07265625
1 0.4265625 0.3890625 0.03828125 0.08203125
1 0.58046875 0.3828125 0.07265625 0.04765625
1 0.60234375 0.42734375 0.07421875 0.08125
1 0.68828125 0.3828125 0.0515625 0.03828125
1 0.7453125 0.38515625 0.0578125 0.0890625
1 0.64921875 0.48828125 0.1 0.125
1 0.846875 0.45859375 0.09296875 0.103125