1 0.30625 0.04140625 0.03359375 0.040625
1 0.4390625 0.04375 0.0390625 0.06171875
1 0.5421875 0.0546875 0.0421875 0.071875
1 0.58203125 0.084375 0.03203125 0.07578125
1 0.51015625 0.1515625 0.046875 0.1
1 0.28359375 0.10390625 0.04453125 0.07421875
1 0.26640625 0.19375 0.0390625 0.07734375
1 0.31015625 0.25625 0.05625 0.13984375
1 0.2140625 0.2640625 0.0640625 0.1453125
1 0.121875 0.47265625 0.09921875 0.16875
1 0.31875 0.43671875 0.075 0.134375
1 0.6234375 0.41796875 0.06484375 0.13671875
1 0.79140625 0.45546875 0.07109375 0.15625
1 0.69140625 0.24609375 0.0734375 0.134375
1 0.55234375 0.25859375 0.0421875 0.1265625
1 0.62734375 0.18125 0.04765625 0.1015625