1 0.03515625 0.7546875 0.06796875 0.359375
1 0.29921875 0.91953125 0.1484375 0.1609375
1 0.34296875 0.3765625 0.09453125 0.18203125
1 0.14140625 0.4484375 0.1234375 0.16015625
1 0.215625 0.26640625 0.08125 0.1453125
1 0.3765625 0.21328125 0.05703125 0.159375
1 0.29296875 0.18125 0.06328125 0.109375
1 0.309375 0.1 0.05859375 0.1171875
1 0.33515625 0.03203125 0.0453125 0.0625
1 0.46171875 0.04453125 0.040625 0.07421875
1 0.56796875 0.04921875 0.04453125 0.075
1 0.6125 0.08125 0.06015625 0.096875
1 0.54296875 0.14296875 0.0515625 0.1015625
1 0.65390625 0.15546875 0.05 0.0984375
1 0.5625 0.26171875 0.06484375 0.121875
1 0.709375 0.23046875 0.07734375 0.1203125
1 0.62265625 0.42421875 0.0765625 0.1859375
1 0.8140625 0.4734375 0.09921875 0.16484375