1 0.17734375 0.434375 0.09375 0.14765625
1 0.38046875 0.41953125 0.06875 0.13984375
1 0.265625 0.24453125 0.0484375 0.128125
1 0.41328125 0.253125 0.06328125 0.14609375
1 0.6546875 0.42734375 0.0671875 0.159375
1 0.83203125 0.47578125 0.07265625 0.19765625
1 0.7375 0.24921875 0.0515625 0.121875
1 0.68359375 0.165625 0.04140625 0.08828125
1 0.57421875 0.13828125 0.03984375 0.09609375
1 0.59453125 0.2640625 0.05078125 0.1234375
1 0.04140625 0.8015625 0.08203125 0.34453125
1 0.32265625 0.18828125 0.05390625 0.078125
1 0.3453125 0.08125 0.046875 0.084375
1 0.36796875 0.02890625 0.0390625 0.0578125
1 0.4984375 0.04296875 0.03671875 0.078125
1 0.64140625 0.0828125 0.03125 0.07734375
1 0.6109375 0.04375 0.03203125 0.0796875