1 0.42109375 0.38828125 0.05234375 0.0640625
1 0.41875 0.4296875 0.0609375 0.09453125
1 0.36328125 0.38671875 0.053125 0.05625
1 0.32578125 0.43828125 0.0390625 0.075
1 0.24921875 0.47109375 0.0765625 0.07734375
1 0.23828125 0.6109375 0.1015625 0.13359375
1 0.0390625 0.6921875 0.078125 0.23125
1 0.5671875 0.39296875 0.0578125 0.059375
1 0.603125 0.43828125 0.08046875 0.0828125
1 0.69609375 0.3890625 0.0328125 0.04296875
1 0.75 0.384375 0.0640625 0.059375
1 0.6609375 0.5125 0.090625 0.07734375
1 0.8515625 0.46875 0.11640625 0.0734375