1 0.03515625 0.74453125 0.0703125 0.30703125
1 0.14375 0.4671875 0.11015625 0.18046875
1 0.3609375 0.3984375 0.0703125 0.1484375
1 0.25390625 0.23203125 0.0703125 0.1328125
1 0.39921875 0.21640625 0.0453125 0.11953125
1 0.32734375 0.17890625 0.053125 0.09921875
1 0.340625 0.08515625 0.03984375 0.06875
1 0.3640625 0.02890625 0.05078125 0.05703125
1 0.4953125 0.05234375 0.0375 0.0765625
1 0.603125 0.05078125 0.040625 0.0640625
1 0.6390625 0.10390625 0.03671875 0.06875
1 0.5578125 0.1546875 0.0375 0.07421875
1 0.66796875 0.1890625 0.04140625 0.11171875
1 0.575 0.2640625 0.04453125 0.1046875
1 0.7203125 0.26796875 0.05625 0.1265625
1 0.809375 0.490625 0.06640625 0.153125
1 0.63515625 0.43203125 0.06015625 0.14140625