1 0.12890625 0.78046875 0.2578125 0.434375
1 0.69453125 0.66328125 0.22421875 0.6671875
1 0.62421875 0.5203125 0.15703125 0.6921875
1 0.8609375 0.68984375 0.19921875 0.6078125
1 0.2515625 0.55078125 0.16640625 0.4234375
1 0.42265625 0.5140625 0.175 0.503125
1 0.55234375 0.21171875 0.059375 0.42265625
1 0.725 0.22265625 0.071875 0.23046875
1 0.33671875 0.31015625 0.10234375 0.29140625
1 0.6921875 0.11640625 0.06484375 0.165625
1 0.77890625 0.34765625 0.13671875 0.34765625
1 0.615625 0.2140625 0.08359375 0.25625
1 0.39453125 0.1859375 0.05546875 0.16328125
1 0.41796875 0.09921875 0.06484375 0.1765625
1 0.47421875 0.515625 0.11953125 0.77421875
1 0.475 0.31953125 0.11796875 0.38046875
1 0.6609375 0.0625 0.034375 0.11953125