1 0.440625 0.3125 0.034375 0.07265625
1 0.61484375 0.30625 0.0546875 0.0671875
1 0.6859375 0.39921875 0.05859375 0.0578125
1 0.4515625 0.3953125 0.04375 0.08125
1 0.35625 0.3875 0.04609375 0.07890625
1 0.328125 0.421875 0.0390625 0.06796875
1 0.2703125 0.4734375 0.084375 0.08515625
1 0.4109375 0.4328125 0.06875 0.1234375
1 0.184375 0.56640625 0.1140625 0.12890625
1 0.03046875 0.6765625 0.0578125 0.225
1 0.575 0.390625 0.0375 0.07265625
1 0.603125 0.42578125 0.0578125 0.09140625
1 0.7453125 0.3953125 0.0609375 0.1
1 0.83828125 0.46015625 0.075 0.1109375
1 0.63984375 0.4953125 0.0984375 0.13671875