1 0.35546875 0.384375 0.02890625 0.02734375
1 0.4390625 0.37578125 0.02734375 0.0265625
1 0.48125 0.37578125 0.04375 0.04453125
1 0.42109375 0.4234375 0.08125 0.1140625
1 0.27890625 0.465625 0.04765625 0.0828125
1 0.315625 0.42578125 0.0484375 0.05
1 0.215625 0.571875 0.07109375 0.140625
1 0.03046875 0.72578125 0.06015625 0.28359375
1 0.59375 0.375 0.03125 0.04296875
1 0.596875 0.4421875 0.059375 0.0921875
1 0.69609375 0.39453125 0.03515625 0.02265625
1 0.74609375 0.39765625 0.0546875 0.06015625
1 0.7109375 0.48828125 0.09921875 0.1234375
1 0.85390625 0.484375 0.1015625 0.12890625