1 0.1859375 0.48046875 0.08828125 0.13671875
1 0.38359375 0.3734375 0.06640625 0.14375
1 0.2890625 0.2375 0.06171875 0.08828125
1 0.428125 0.20546875 0.04921875 0.1015625
1 0.353125 0.16484375 0.05078125 0.08984375
1 0.3640625 0.078125 0.03359375 0.0546875
1 0.5140625 0.02421875 0.0359375 0.04765625
1 0.3828125 0.0171875 0.0375 0.034375
1 0.62578125 0.02578125 0.0328125 0.0515625
1 0.5953125 0.13203125 0.03203125 0.07109375
1 0.665625 0.07265625 0.03828125 0.07578125
1 0.69765625 0.1453125 0.03359375 0.10078125
1 0.63046875 0.26171875 0.053125 0.0953125
1 0.765625 0.23125 0.046875 0.11640625
1 0.65 0.42734375 0.071875 0.1359375
1 0.84453125 0.4546875 0.05625 0.140625
1 0.0609375 0.72109375 0.121875 0.28359375