1 0.209375 0.575 0.09921875 0.11796875
1 0.8234375 0.5375 0.11953125 0.25390625
1 0.41484375 0.60546875 0.140625 0.4640625
1 0.83828125 0.7953125 0.32109375 0.4046875
1 0.72890625 0.44453125 0.07578125 0.184375
1 0.35 0.38984375 0.03515625 0.046875
1 0.83828125 0.46640625 0.090625 0.1109375
1 0.7359375 0.39453125 0.05703125 0.084375
1 0.56171875 0.47265625 0.06796875 0.22421875
1 0.028125 0.69296875 0.05546875 0.24609375
1 0.5375 0.34296875 0.01796875 0.0765625
1 0.62421875 0.70625 0.14609375 0.56796875
1 0.67734375 0.3984375 0.04296875 0.0484375
1 0.57265625 0.6203125 0.11015625 0.471875
1 0.32578125 0.42109375 0.0375 0.04765625
1 0.0484375 0.7828125 0.09609375 0.428125
1 0.21484375 0.6296875 0.11015625 0.225
1 0.471875 0.45 0.0484375 0.17890625