1 0.1390625 0.81171875 0.26484375 0.371875
1 0.71484375 0.6625 0.23671875 0.66875
1 0.8828125 0.6828125 0.2125 0.625
1 0.43515625 0.54375 0.17421875 0.4953125
1 0.63359375 0.5359375 0.13828125 0.7
1 0.72734375 0.2203125 0.07734375 0.22421875
1 0.55 0.203125 0.05859375 0.3640625
1 0.62109375 0.228125 0.0875 0.25859375
1 0.78359375 0.315625 0.13671875 0.3
1 0.4671875 0.38203125 0.1453125 0.42734375
1 0.34453125 0.35 0.09921875 0.28125
1 0.41640625 0.1125 0.06171875 0.125
1 0.4328125 0.0796875 0.0453125 0.125
1 0.69140625 0.125 0.06015625 0.1671875
1 0.390625 0.22890625 0.05234375 0.17265625
1 0.659375 0.06796875 0.03671875 0.10859375
1 0.7015625 0.08671875 0.0390625 0.0921875
1 0.275 0.58984375 0.15078125 0.4578125
1 0.5 0.50078125 0.98671875 0.99140625