1 0.64765625 0.646875 0.21953125 0.7
1 0.80390625 0.6328125 0.19140625 0.5578125
1 0.5734375 0.496875 0.14140625 0.6921875
1 0.10625 0.8 0.21171875 0.396875
1 0.37578125 0.5453125 0.18515625 0.596875
1 0.66328125 0.1890625 0.07265625 0.21328125
1 0.271875 0.3015625 0.10546875 0.3078125
1 0.62421875 0.0921875 0.05703125 0.16328125
1 0.71171875 0.30390625 0.12265625 0.32734375
1 0.48984375 0.2046875 0.05703125 0.409375
1 0.18203125 0.56328125 0.19375 0.44921875
1 0.55546875 0.19296875 0.07109375 0.259375
1 0.34921875 0.0671875 0.07734375 0.134375
1 0.41640625 0.33125 0.13125 0.4390625
1 0.825 0.19609375 0.0734375 0.17734375
1 0.19375 0.0796875 0.06640625 0.159375
1 0.60625 0.0484375 0.053125 0.096875
1 0.32734375 0.13359375 0.0515625 0.09765625
1 0.321875 0.178125 0.07578125 0.18828125