1 0.21953125 0.41796875 0.08046875 0.13671875
1 0.415625 0.403125 0.08359375 0.18125
1 0.3140625 0.26484375 0.04765625 0.10546875
1 0.05 0.83515625 0.1 0.3171875
1 0.4625 0.2515625 0.075 0.11640625
1 0.375 0.2046875 0.0421875 0.084375
1 0.3921875 0.0953125 0.04453125 0.06796875
1 0.4109375 0.040625 0.0328125 0.0765625
1 0.5375 0.059375 0.03125 0.06640625
1 0.603125 0.1625 0.03671875 0.059375
1 0.62109375 0.28671875 0.04765625 0.128125
1 0.70234375 0.47109375 0.07890625 0.1875
1 0.871875 0.50625 0.0625 0.140625
1 0.7765625 0.25625 0.04765625 0.1078125
1 0.72109375 0.19140625 0.03671875 0.090625
1 0.68671875 0.10234375 0.03984375 0.0796875
1 0.65546875 0.06171875 0.02890625 0.0609375