1 0.6234375 0.71171875 0.19140625 0.56640625
1 0.2296875 0.584375 0.09609375 0.13671875
1 0.728125 0.38515625 0.11484375 0.11796875
1 0.83984375 0.4625 0.084375 0.1
1 0.03671875 0.6984375 0.0734375 0.259375
1 0.44609375 0.6046875 0.10546875 0.4859375
1 0.4421875 0.45703125 0.09453125 0.1890625
1 0.32109375 0.4265625 0.03515625 0.03671875
1 0.825 0.5390625 0.11328125 0.253125
1 0.36328125 0.40390625 0.0484375 0.09296875
1 0.5765625 0.6203125 0.11171875 0.46171875
1 0.75390625 0.3875 0.0640625 0.08515625
1 0.27890625 0.4671875 0.06484375 0.06875
1 0.56484375 0.47265625 0.06484375 0.221875