1 0.1578125 0.43125 0.08046875 0.16640625
1 0.353125 0.41796875 0.07734375 0.1484375
1 0.521875 0.11640625 0.11796875 0.20703125
1 0.3453125 0.0625 0.03046875 0.071875
1 0.3234375 0.16875 0.065625 0.1125
1 0.3984375 0.20859375 0.065625 0.11484375
1 0.24609375 0.234375 0.05546875 0.10078125
1 0.34375 0.86953125 0.125 0.2609375
1 0.3671875 0.01953125 0.02734375 0.0390625
1 0.6125 0.05546875 0.03515625 0.08515625
1 0.6 0.12109375 0.03359375 0.08359375
1 0.60390625 0.2015625 0.06328125 0.071875
1 0.6765625 0.15625 0.05234375 0.0875
1 0.7203125 0.22734375 0.06328125 0.13046875
1 0.82734375 0.4703125 0.08515625 0.17890625
1 0.67890625 0.415625 0.08515625 0.20625