1 0.3375 0.540625 0.1890625 0.50625
1 0.13671875 0.62578125 0.2125 0.421875
1 0.77265625 0.603125 0.18828125 0.55234375
1 0.0875 0.8484375 0.175 0.2984375
1 0.61015625 0.19765625 0.06640625 0.21171875
1 0.221875 0.353125 0.10546875 0.30234375
1 0.6625 0.2875 0.12109375 0.2984375
1 0.625 0.65078125 0.22734375 0.69296875
1 0.534375 0.51484375 0.1203125 0.70234375
1 0.56875 0.10546875 0.053125 0.16640625
1 0.503125 0.20859375 0.0609375 0.25390625
1 0.440625 0.20234375 0.06484375 0.3921875
1 0.37578125 0.3671875 0.13984375 0.43671875
1 0.296875 0.10546875 0.06953125 0.1375
1 0.278125 0.2125 0.06171875 0.1625
1 0.54140625 0.05703125 0.03515625 0.1140625
1 0.3125 0.0640625 0.05390625 0.1265625