1 0.125 0.76015625 0.25 0.47578125
1 0.85859375 0.6890625 0.19140625 0.6109375
1 0.6328125 0.5078125 0.16171875 0.6921875
1 0.78515625 0.33671875 0.13671875 0.33203125
1 0.478125 0.30703125 0.11953125 0.3546875
1 0.6984375 0.659375 0.221875 0.6734375
1 0.625 0.19453125 0.09296875 0.23984375
1 0.3453125 0.303125 0.11171875 0.33125
1 0.2640625 0.5140625 0.16328125 0.45859375
1 0.3984375 0.18046875 0.05859375 0.171875
1 0.43125 0.58671875 0.17421875 0.678125
1 0.7 0.10390625 0.07578125 0.1671875
1 0.4265625 0.07890625 0.06171875 0.15703125
1 0.7359375 0.21171875 0.07890625 0.20703125
1 0.56015625 0.175 0.06484375 0.35
1 0.67109375 0.04140625 0.03515625 0.0828125
1 0.48671875 0.49921875 0.96640625 0.99453125