1 0.14609375 0.51015625 0.096875 0.1734375
1 0.3578125 0.4390625 0.071875 0.14609375
1 0.25234375 0.27578125 0.059375 0.11484375
1 0.37890625 0.253125 0.05 0.1234375
1 0.31640625 0.2 0.05 0.1046875
1 0.3359375 0.10859375 0.04296875 0.06015625
1 0.3609375 0.0484375 0.03984375 0.05859375
1 0.4859375 0.0515625 0.03671875 0.0703125
1 0.6359375 0.103125 0.025 0.05859375
1 0.59765625 0.0625 0.03125 0.06015625
1 0.5546875 0.16796875 0.03828125 0.07734375
1 0.675 0.17734375 0.0484375 0.09140625
1 0.5875 0.28828125 0.05 0.1015625
1 0.7375 0.2515625 0.06640625 0.1203125
1 0.634375 0.4625 0.07265625 0.14296875
1 0.82421875 0.49921875 0.07578125 0.13828125