1 0.7609375 0.61015625 0.1859375 0.54609375
1 0.61484375 0.65390625 0.22421875 0.684375
1 0.33203125 0.52421875 0.18828125 0.50859375
1 0.14921875 0.60625 0.19296875 0.46484375
1 0.534375 0.51484375 0.12578125 0.69375
1 0.6125 0.20234375 0.07265625 0.2046875
1 0.29609375 0.12109375 0.07421875 0.175
1 0.225 0.33203125 0.11875 0.284375
1 0.36953125 0.3421875 0.14921875 0.32734375
1 0.66015625 0.2859375 0.115625 0.2625
1 0.50390625 0.20546875 0.071875 0.24921875
1 0.58359375 0.06484375 0.0359375 0.09296875
1 0.43828125 0.1671875 0.065625 0.33203125
1 0.27109375 0.21875 0.075 0.18046875
1 0.5390625 0.05390625 0.03359375 0.1
1 0.31171875 0.05546875 0.05625 0.10859375
1 0.45546875 0.4984375 0.81484375 0.99296875
1 0.075 0.85859375 0.14921875 0.2796875
1 0.72265625 0.19453125 0.03828125 0.15234375