1 0.3296875 0.46015625 0.08046875 0.15078125
1 0.12890625 0.5765625 0.1015625 0.1703125
1 0.2328125 0.34375 0.0703125 0.15
1 0.3578125 0.3 0.07890625 0.12109375
1 0.271875 0.25 0.0640625 0.10859375
1 0.28984375 0.15390625 0.040625 0.06796875
1 0.60234375 0.45234375 0.08828125 0.1765625
1 0.76875 0.45078125 0.0625 0.171875
1 0.6859375 0.26875 0.0640625 0.1328125
1 0.615625 0.18984375 0.03984375 0.09921875
1 0.54296875 0.28515625 0.0515625 0.08828125
1 0.51953125 0.19375 0.03984375 0.08515625
1 0.578125 0.09765625 0.03671875 0.07734375
1 0.5421875 0.08125 0.0234375 0.0515625
1 0.44375 0.096875 0.04140625 0.0828125
1 0.3109375 0.09296875 0.05078125 0.078125