1 0.03671875 0.7625 0.07265625 0.25390625
1 0.128125 0.4734375 0.1296875 0.18046875
1 0.34453125 0.38203125 0.09296875 0.1234375
1 0.615625 0.4109375 0.0703125 0.146875
1 0.8015625 0.44609375 0.06484375 0.15
1 0.56015625 0.22265625 0.05859375 0.10078125
1 0.703125 0.21015625 0.05703125 0.0796875
1 0.653125 0.13671875 0.03984375 0.06328125
1 0.61875 0.06328125 0.03671875 0.08203125
1 0.5328125 0.125 0.04375 0.07890625
1 0.36796875 0.21484375 0.0609375 0.1046875
1 0.23671875 0.23515625 0.0640625 0.11484375
1 0.30546875 0.1578125 0.06484375 0.1109375
1 0.31484375 0.053125 0.0484375 0.07578125
1 0.47109375 0.0375 0.04140625 0.075
1 0.58046875 0.0359375 0.0453125 0.07109375