1 0.2171875 0.58125 0.09921875 0.13515625
1 0.85078125 0.46328125 0.090625 0.09921875
1 0.73125 0.44375 0.07734375 0.18203125
1 0.4734375 0.446875 0.04765625 0.17578125
1 0.8296875 0.540625 0.1328125 0.25546875
1 0.63046875 0.6109375 0.13515625 0.3703125
1 0.95078125 0.4703125 0.07265625 0.23359375
1 0.03203125 0.69140625 0.06328125 0.24921875
1 0.65546875 0.49140625 0.08671875 0.1296875
1 0.58125 0.4734375 0.1 0.228125
1 0.5765625 0.60859375 0.11015625 0.49609375
1 0.4234375 0.6078125 0.15390625 0.4640625
1 0.74296875 0.39375 0.05234375 0.07890625
1 0.83828125 0.79453125 0.32109375 0.40546875
1 0.44765625 0.46875 0.08359375 0.21875
1 0.3546875 0.41953125 0.04296875 0.12421875
1 0.659375 0.71015625 0.2203125 0.5671875
1 0.0484375 0.78203125 0.09609375 0.43046875