1 0.04921875 0.78046875 0.09765625 0.43359375
1 0.4359375 0.6140625 0.13359375 0.47578125
1 0.84921875 0.46015625 0.08359375 0.09375
1 0.61015625 0.7109375 0.171875 0.56328125
1 0.3546875 0.4125 0.0453125 0.1078125
1 0.475 0.45546875 0.0453125 0.17734375
1 0.74765625 0.39140625 0.0640625 0.08359375
1 0.75078125 0.45 0.11640625 0.20234375
1 0.47109375 0.4046875 0.034375 0.075
1 0.8390625 0.7953125 0.31953125 0.4046875
1 0.1015625 0.36875 0.09609375 0.2921875
1 0.32109375 0.4234375 0.0328125 0.0453125
1 0.353125 0.3875 0.03671875 0.0578125