1 0.43828125 0.60625 0.1328125 0.4796875
1 0.22109375 0.5796875 0.09765625 0.12890625
1 0.734375 0.43984375 0.0765625 0.18828125
1 0.61328125 0.7109375 0.175 0.565625
1 0.35625 0.3859375 0.03671875 0.05703125
1 0.83125 0.46328125 0.07890625 0.10078125
1 0.05234375 0.73515625 0.10390625 0.3296875
1 0.31640625 0.425 0.03515625 0.03984375
1 0.5765625 0.6125 0.11015625 0.45625
1 0.81875 0.53515625 0.10546875 0.24375
1 0.28828125 0.45390625 0.09296875 0.096875
1 0.5671875 0.47265625 0.0703125 0.22421875
1 0.68359375 0.403125 0.0546875 0.0609375