1 0.053125 0.76015625 0.09765625 0.36640625
1 0.353125 0.93671875 0.14921875 0.1265625
1 0.38125 0.39609375 0.07578125 0.2390625
1 0.175 0.4625 0.11015625 0.19375
1 0.6578125 0.4296875 0.0921875 0.17890625
1 0.84765625 0.4796875 0.08359375 0.2
1 0.5875 0.26171875 0.07265625 0.140625
1 0.41640625 0.221875 0.075 0.13046875
1 0.2765625 0.26015625 0.06640625 0.146875
1 0.33828125 0.17265625 0.0625 0.11953125
1 0.36015625 0.08359375 0.0484375 0.0921875
1 0.3796875 0.03203125 0.05859375 0.0625
1 0.5125 0.05078125 0.05 0.08671875
1 0.609375 0.05234375 0.046875 0.090625
1 0.57890625 0.13984375 0.0515625 0.09609375
1 0.6609375 0.08828125 0.034375 0.07890625
1 0.684375 0.16484375 0.06875 0.08984375
1 0.75390625 0.22734375 0.06015625 0.13125