1 0.20703125 0.60703125 0.17421875 0.440625
1 0.57421875 0.584375 0.13359375 0.690625
1 0.66171875 0.6796875 0.22265625 0.63515625
1 0.809375 0.70625 0.1875 0.58125
1 0.09375 0.915625 0.1859375 0.16484375
1 0.42578125 0.3796875 0.12890625 0.359375
1 0.49609375 0.21328125 0.05625 0.303125
1 0.384375 0.66328125 0.18515625 0.659375
1 0.71640625 0.36796875 0.1171875 0.28046875
1 0.28359375 0.378125 0.11015625 0.28984375
1 0.3609375 0.1765625 0.06484375 0.18359375
1 0.6640625 0.2671875 0.0703125 0.19140625
1 0.3359375 0.26640625 0.0609375 0.18359375
1 0.38046875 0.1140625 0.05390625 0.13203125
1 0.50546875 0.521875 0.7921875 0.9484375
1 0.32421875 0.9265625 0.16640625 0.1421875
1 0.59765625 0.11328125 0.02890625 0.090625
1 0.584375 0.25703125 0.11171875 0.2234375