1 0.14453125 0.41640625 0.10859375 0.16328125
1 0.34140625 0.41015625 0.10078125 0.1796875
1 0.2546875 0.2203125 0.05546875 0.12734375
1 0.384375 0.225 0.05390625 0.11484375
1 0.31171875 0.153125 0.05078125 0.09921875
1 0.6390625 0.4359375 0.05546875 0.125
1 0.80625 0.46796875 0.0921875 0.175
1 0.7171875 0.246875 0.04453125 0.11484375
1 0.5765625 0.25078125 0.0546875 0.11171875
1 0.66875 0.1609375 0.04765625 0.10078125
1 0.55078125 0.1296875 0.040625 0.08984375
1 0.62578125 0.07734375 0.0375 0.08046875
1 0.5859375 0.03671875 0.03671875 0.06953125
1 0.48046875 0.0375 0.04375 0.06640625
1 0.328125 0.0515625 0.0359375 0.0875