1 0.128125 0.7625 0.25625 0.4703125
1 0.69453125 0.6578125 0.22109375 0.68125
1 0.621875 0.50859375 0.1703125 0.69296875
1 0.25 0.5109375 0.17265625 0.4203125
1 0.78046875 0.33203125 0.134375 0.34296875
1 0.5546875 0.20234375 0.06484375 0.4046875
1 0.734375 0.20703125 0.08515625 0.21484375
1 0.69921875 0.10546875 0.07265625 0.16796875
1 0.8546875 0.6890625 0.1921875 0.6
1 0.62734375 0.196875 0.08828125 0.25625
1 0.33828125 0.28515625 0.1 0.3109375
1 0.42578125 0.578125 0.1765625 0.68046875
1 0.47578125 0.29765625 0.121875 0.384375
1 0.42109375 0.05859375 0.065625 0.11640625
1 0.396875 0.1609375 0.05703125 0.175
1 0.67265625 0.0421875 0.0453125 0.084375