1 0.4671875 0.39296875 0.04140625 0.0671875
1 0.43359375 0.39609375 0.04765625 0.06171875
1 0.41640625 0.4515625 0.07421875 0.1078125
1 0.36171875 0.3953125 0.0484375 0.07890625
1 0.33203125 0.43125 0.04609375 0.08828125
1 0.25703125 0.484375 0.07109375 0.08671875
1 0.23515625 0.6 0.10859375 0.12109375
1 0.04453125 0.67265625 0.08828125 0.18671875
1 0.57890625 0.38984375 0.04140625 0.0421875
1 0.63046875 0.4359375 0.08359375 0.1078125
1 0.6953125 0.3875 0.03515625 0.03125
1 0.74921875 0.4 0.06484375 0.0671875
1 0.62265625 0.5 0.075 0.09453125
1 0.871875 0.459375 0.059375 0.12109375