1 0.646875 0.67109375 0.22265625 0.65234375
1 0.0953125 0.80078125 0.18984375 0.3953125
1 0.803125 0.6953125 0.190625 0.60234375
1 0.56640625 0.553125 0.14453125 0.68046875
1 0.20234375 0.60703125 0.16640625 0.475
1 0.66328125 0.24375 0.07109375 0.2015625
1 0.41796875 0.3453125 0.13203125 0.3734375
1 0.55703125 0.2421875 0.07890625 0.24921875
1 0.7140625 0.3375 0.11640625 0.27109375
1 0.33671875 0.2296875 0.05625 0.175
1 0.3765625 0.6390625 0.1859375 0.675
1 0.63671875 0.1078125 0.03359375 0.084375
1 0.2875 0.3453125 0.11875 0.3015625
1 0.49453125 0.14765625 0.05625 0.234375
1 0.3421875 0.13671875 0.09765625 0.18125
1 0.603125 0.0953125 0.0421875 0.11640625
1 0.26015625 0.28046875 0.06328125 0.171875
1 0.92890625 0.25234375 0.10703125 0.36875
1 0.62734375 0.14453125 0.05390625 0.159375