1 0.828125 0.64765625 0.19140625 0.5890625
1 0.6703125 0.64453125 0.22109375 0.69453125
1 0.1125 0.8015625 0.22421875 0.39375
1 0.6 0.49140625 0.1421875 0.690625
1 0.425 0.29609375 0.13515625 0.36796875
1 0.73984375 0.30859375 0.13046875 0.32421875
1 0.2296875 0.528125 0.16875 0.440625
1 0.4 0.575 0.17578125 0.65
1 0.69453125 0.18828125 0.07578125 0.21015625
1 0.58046875 0.17734375 0.07890625 0.2484375
1 0.3046875 0.2875 0.10234375 0.278125
1 0.51875 0.13984375 0.05625 0.2796875
1 0.38203125 0.06171875 0.06796875 0.1234375
1 0.66015625 0.0828125 0.0578125 0.165625
1 0.35390625 0.12578125 0.04921875 0.08359375
1 0.39296875 0.934375 0.17265625 0.128125
1 0.621875 0.04375 0.028125 0.0875
1 0.34765625 0.1765625 0.06484375 0.18828125