1 0.35703125 0.38046875 0.07265625 0.05390625
1 0.32421875 0.43359375 0.0609375 0.06015625
1 0.26953125 0.47421875 0.05859375 0.12109375
1 0.23671875 0.58359375 0.07890625 0.10625
1 0.040625 0.75078125 0.08125 0.246875
1 0.41484375 0.45 0.06484375 0.0890625
1 0.42109375 0.41015625 0.06015625 0.04609375
1 0.43359375 0.39296875 0.0390625 0.05234375
1 0.58671875 0.396875 0.0578125 0.07890625
1 0.60546875 0.44140625 0.06953125 0.08671875
1 0.75 0.40859375 0.06484375 0.09453125
1 0.69765625 0.3859375 0.0328125 0.0390625
1 0.86640625 0.4703125 0.09140625 0.10234375
1 0.69609375 0.509375 0.096875 0.13359375