1 0.425 0.390625 0.05625 0.06953125
1 0.39609375 0.43828125 0.0859375 0.1078125
1 0.346875 0.3765625 0.04609375 0.0515625
1 0.3046875 0.43359375 0.06484375 0.06015625
1 0.2609375 0.47109375 0.05078125 0.0921875
1 0.20390625 0.60234375 0.10703125 0.1296875
1 0.046875 0.77109375 0.09375 0.3390625
1 0.55625 0.39765625 0.03984375 0.0578125
1 0.59609375 0.43828125 0.06796875 0.0828125
1 0.6578125 0.49765625 0.0703125 0.1
1 0.69375 0.390625 0.0390625 0.0515625
1 0.7421875 0.39296875 0.053125 0.10078125
1 0.87265625 0.50390625 0.15390625 0.1890625