1 0.603125 0.7140625 0.15859375 0.559375
1 0.2203125 0.5921875 0.1015625 0.12421875
1 0.74765625 0.390625 0.059375 0.084375
1 0.84921875 0.4625 0.08203125 0.09296875
1 0.6390625 0.5078125 0.08671875 0.14765625
1 0.0484375 0.7828125 0.096875 0.42890625
1 0.56953125 0.475 0.08359375 0.22890625
1 0.6 0.42265625 0.05546875 0.06796875
1 0.83828125 0.79375 0.32109375 0.40625
1 0.03515625 0.69453125 0.06953125 0.25390625
1 0.35546875 0.38671875 0.03828125 0.0578125
1 0.73359375 0.44375 0.0890625 0.190625
1 0.303125 0.39296875 0.03515625 0.08359375
1 0.2515625 0.47265625 0.06328125 0.07109375
1 0.82890625 0.540625 0.1234375 0.24921875
1 0.32578125 0.42421875 0.03515625 0.04140625
1 0.4375 0.5984375 0.1234375 0.446875