1 0.50703125 0.05625 0.04375 0.0875
1 0.38125 0.02421875 0.03203125 0.04765625
1 0.3515625 0.07578125 0.0546875 0.1
1 0.61796875 0.0609375 0.04765625 0.0703125
1 0.66328125 0.0984375 0.0484375 0.090625
1 0.5703125 0.14140625 0.04921875 0.09765625
1 0.7 0.17734375 0.065625 0.0875
1 0.7625 0.24609375 0.07109375 0.10078125
1 0.6 0.25703125 0.0453125 0.12265625
1 0.8515625 0.4796875 0.078125 0.1859375
1 0.6578125 0.43359375 0.0796875 0.1859375
1 0.3421875 0.18828125 0.05234375 0.11796875
1 0.4140625 0.2328125 0.05390625 0.115625
1 0.38515625 0.39296875 0.06640625 0.17890625
1 0.271875 0.26328125 0.05 0.121875
1 0.1859375 0.425 0.08359375 0.159375
1 0.0453125 0.84375 0.090625 0.309375