1 0.66015625 0.65234375 0.22421875 0.690625
1 0.825 0.6640625 0.2078125 0.62578125
1 0.390625 0.5375 0.17890625 0.50546875
1 0.36953125 0.85625 0.26015625 0.284375
1 0.10390625 0.83671875 0.2078125 0.3234375
1 0.58671875 0.51875 0.13828125 0.67578125
1 0.21484375 0.54609375 0.175 0.484375
1 0.51015625 0.14921875 0.0578125 0.2984375
1 0.728125 0.321875 0.11484375 0.32109375
1 0.29609375 0.30625 0.11171875 0.303125
1 0.37421875 0.09765625 0.06953125 0.19453125
1 0.684375 0.18046875 0.07421875 0.1546875
1 0.6484375 0.1 0.06328125 0.16796875
1 0.584375 0.1890625 0.09296875 0.2375
1 0.42890625 0.465625 0.140625 0.6921875
1 0.35 0.1875 0.05703125 0.1765625
1 0.62578125 0.03828125 0.0515625 0.0765625
1 0.396875 0.0453125 0.0484375 0.090625