1 0.678125 0.6625 0.22109375 0.6703125
1 0.83984375 0.6640625 0.19921875 0.5671875
1 0.1234375 0.79453125 0.24609375 0.40703125
1 0.2375 0.53671875 0.15859375 0.44296875
1 0.753125 0.32265625 0.12890625 0.3421875
1 0.40703125 0.509375 0.178125 0.51875
1 0.5953125 0.19921875 0.07734375 0.25546875
1 0.3125 0.30234375 0.10390625 0.3
1 0.69921875 0.2046875 0.08828125 0.2171875
1 0.53203125 0.203125 0.06015625 0.40625
1 0.6078125 0.50703125 0.16171875 0.6875
1 0.67265625 0.1015625 0.06328125 0.16484375
1 0.365625 0.17421875 0.07109375 0.1734375
1 0.39140625 0.065625 0.07421875 0.1296875
1 0.4546875 0.303125 0.12578125 0.37578125
1 0.76484375 0.0953125 0.0515625 0.17890625
1 0.2453125 0.15 0.06015625 0.28125
1 0.64375 0.04140625 0.03984375 0.0828125
1 0.4765625 0.49921875 0.9421875 0.99453125