1 0.42109375 0.30625 0.04453125 0.0734375
1 0.36015625 0.384375 0.040625 0.0640625
1 0.321875 0.4296875 0.04140625 0.05859375
1 0.26484375 0.47890625 0.06953125 0.08828125
1 0.203125 0.578125 0.11328125 0.1578125
1 0.0296875 0.69140625 0.059375 0.2375
1 0.4046875 0.4390625 0.071875 0.1140625
1 0.43203125 0.3984375 0.05390625 0.09140625
1 0.57578125 0.3953125 0.0453125 0.08125
1 0.6 0.425 0.04375 0.06796875
1 0.6953125 0.39765625 0.05234375 0.04921875
1 0.646875 0.5140625 0.09765625 0.13203125
1 0.7578125 0.40390625 0.06328125 0.10390625
1 0.84140625 0.47421875 0.0875 0.14140625