1 0.44609375 0.04375 0.03515625 0.075
1 0.534375 0.02265625 0.03125 0.0453125
1 0.56953125 0.04609375 0.03515625 0.07890625
1 0.51015625 0.10234375 0.0296875 0.065625
1 0.54453125 0.215625 0.05 0.121875
1 0.6375 0.1375 0.04921875 0.090625
1 0.68515625 0.21171875 0.0671875 0.10390625
1 0.59609375 0.40859375 0.04375 0.1578125
1 0.771875 0.4640625 0.09375 0.15859375
1 0.2875 0.01328125 0.06796875 0.0265625
1 0.27578125 0.07578125 0.040625 0.06796875
1 0.28125 0.18515625 0.04453125 0.11328125
1 0.3515625 0.22578125 0.06875 0.084375
1 0.22109375 0.25390625 0.078125 0.1296875
1 0.33046875 0.41796875 0.1171875 0.20859375
1 0.11171875 0.49140625 0.14140625 0.2125
1 0.06484375 0.86171875 0.1296875 0.2765625