1 0.62421875 0.709375 0.17578125 0.57109375
1 0.425 0.603125 0.1578125 0.4875
1 0.7421875 0.4109375 0.07890625 0.125
1 0.5796875 0.6203125 0.11875 0.46953125
1 0.83984375 0.46328125 0.0828125 0.10625
1 0.825 0.53515625 0.11328125 0.2515625
1 0.3578125 0.38984375 0.03828125 0.05546875
1 0.22265625 0.58671875 0.09765625 0.13359375
1 0.32109375 0.42890625 0.03515625 0.0359375
1 0.02734375 0.70078125 0.05390625 0.2328125
1 0.05078125 0.78984375 0.1015625 0.4109375
1 0.2640625 0.4734375 0.06328125 0.0640625