1 0.11640625 0.834375 0.2328125 0.328125
1 0.85234375 0.71015625 0.19296875 0.57265625
1 0.42265625 0.56171875 0.17578125 0.54609375
1 0.25390625 0.5421875 0.1671875 0.43359375
1 0.61796875 0.559375 0.15390625 0.67890625
1 0.68984375 0.67734375 0.22890625 0.63984375
1 0.5578125 0.1578125 0.07265625 0.24921875
1 0.3640625 0.9 0.196875 0.196875
1 0.3375 0.31953125 0.109375 0.28515625
1 0.41796875 0.12578125 0.06796875 0.17734375
1 0.76875 0.36796875 0.12265625 0.32109375
1 0.72734375 0.25625 0.0796875 0.20390625
1 0.3875 0.21015625 0.0671875 0.1828125
1 0.665625 0.09296875 0.04453125 0.1125
1 0.465625 0.33984375 0.13515625 0.35625
1 0.65390625 0.1734375 0.07578125 0.11953125
1 0.7046875 0.11015625 0.0390625 0.0875
1 0.6359375 0.22890625 0.1125 0.228125
1 0.43984375 0.06953125 0.0484375 0.12421875
1 0.54921875 0.50390625 0.78671875 0.98515625