1 0.20625 0.43046875 0.0796875 0.16171875
1 0.4453125 0.4359375 0.13125 0.18125
1 0.3109375 0.23515625 0.07265625 0.1484375
1 0.471875 0.23828125 0.0578125 0.12109375
1 0.39140625 0.184375 0.03984375 0.09609375
1 0.4125 0.09921875 0.04609375 0.06796875
1 0.43671875 0.03984375 0.03203125 0.05078125
1 0.5578125 0.05703125 0.05078125 0.0859375
1 0.61875 0.153125 0.0390625 0.084375
1 0.7109375 0.10625 0.034375 0.0828125
1 0.66640625 0.0640625 0.03828125 0.08984375
1 0.75546875 0.19453125 0.0515625 0.09765625
1 0.81640625 0.284375 0.07265625 0.12734375
1 0.65390625 0.2640625 0.04921875 0.14140625
1 0.72109375 0.45703125 0.0703125 0.16015625
1 0.9109375 0.53671875 0.11015625 0.17109375
1 0.06640625 0.74140625 0.1328125 0.32421875