1 0.6328125 0.60390625 0.13671875 0.35625
1 0.734375 0.4390625 0.0765625 0.1828125
1 0.25390625 0.53203125 0.15859375 0.21328125
1 0.4125 0.6140625 0.1484375 0.44921875
1 0.0359375 0.68828125 0.071875 0.25703125
1 0.81640625 0.5421875 0.10546875 0.2375
1 0.5765625 0.615625 0.10859375 0.46875
1 0.8296875 0.471875 0.07890625 0.0953125
1 0.35703125 0.3890625 0.03515625 0.053125
1 0.04921875 0.778125 0.09765625 0.43671875
1 0.29453125 0.50703125 0.09140625 0.1609375
1 0.44765625 0.45390625 0.08515625 0.1890625
1 0.4515625 0.5984375 0.09765625 0.4796875
1 0.4734375 0.44921875 0.05390625 0.18359375
1 0.371875 0.44453125 0.06640625 0.10859375