1 0.04921875 0.778125 0.0984375 0.43828125
1 0.17421875 0.56171875 0.08046875 0.0921875
1 0.63828125 0.6046875 0.15625 0.371875
1 0.42265625 0.6109375 0.15390625 0.459375
1 0.7421875 0.39375 0.05390625 0.08125
1 0.66953125 0.48515625 0.09140625 0.13125
1 0.8390625 0.465625 0.08515625 0.0984375
1 0.57890625 0.61953125 0.11796875 0.4703125
1 0.44921875 0.46171875 0.0734375 0.2015625
1 0.20078125 0.6296875 0.134375 0.22890625
1 0.83828125 0.7953125 0.32109375 0.4046875
1 0.8234375 0.54140625 0.11796875 0.2515625
1 0.56875 0.47265625 0.07890625 0.22734375
1 0.6625 0.703125 0.2140625 0.56953125
1 0.69296875 0.38671875 0.04140625 0.03125
1 0.3609375 0.3859375 0.0359375 0.0578125
1 0.2921875 0.50859375 0.10390625 0.16171875
1 0.32890625 0.42109375 0.040625 0.04296875
1 0.471875 0.44375 0.04765625 0.1671875