1 0.02578125 0.7109375 0.0484375 0.2390625
1 0.17578125 0.55546875 0.09609375 0.1046875
1 0.2671875 0.46171875 0.08046875 0.0859375
1 0.33203125 0.4296875 0.05703125 0.053125
1 0.35703125 0.38515625 0.03984375 0.065625
1 0.428125 0.36953125 0.0484375 0.04375
1 0.4140625 0.43359375 0.06015625 0.103125
1 0.4703125 0.37578125 0.0453125 0.078125
1 0.41640625 0.29609375 0.0359375 0.05703125
1 0.6109375 0.2875 0.05546875 0.04921875
1 0.578125 0.37890625 0.0421875 0.05703125
1 0.603125 0.42265625 0.06875 0.08125
1 0.69296875 0.3890625 0.05 0.0640625
1 0.66796875 0.49765625 0.090625 0.13203125
1 0.74921875 0.396875 0.07109375 0.09453125
1 0.840625 0.47265625 0.1109375 0.1328125